kappa_strict_nom,kappa_strict_quad,kappa_relaxed_nom,kappa_relaxed_quad
0.9302949061662198,0.959087332808812,0.9302949061662198,0.959087332808812
0.6852300242130751,0.9108826049700086,0.8078817733990148,0.9655172413793104
0.929539295392954,0.9907997169143666,0.929539295392954,0.9907997169143666
0.6165191740412979,0.8511966701352758,0.6165191740412979,0.8511966701352758
0.625,0.8463356973995272,0.8115942028985508,0.9343434343434344
0.6875,0.8645833333333334,0.880184331797235,0.9789644012944984
0.6875,0.8478260869565217,0.8092909535452323,0.898876404494382
0.8787878787878788,0.9472830494728305,0.9399538106235565,0.989103101424979
0.6983758700696056,0.8594594594594595,0.8186046511627907,0.9088074824629774
0.546134663341646,0.8473351400180669,0.6148148148148148,0.8886774500475737
0.7025171624713958,0.9368318756073858,0.8120481927710843,0.962962962962963
0.6533333333333333,0.8311688311688312,0.7123893805309736,0.8712871287128713
0.8785046728971962,0.9782790309106099,0.8785046728971962,0.9782790309106099
0.6303317535545023,0.8505747126436782,0.8785046728971962,0.9782790309106099
0.5625,0.8724528301886793,0.74,0.9312169312169312
0.8452380952380952,0.9107296137339056,0.9233038348082596,0.9528558476881233
0.6195121951219512,0.9032258064516129,0.7412935323383085,0.9555555555555556
0.5593220338983051,0.8753269398430689,0.6578947368421053,0.9015979814970564
0.8115942028985508,0.9416167664670658,0.8767772511848341,0.9800613496932515
0.6213592233009708,0.8742949234488315,0.675,0.8860557768924303
0.6758104738154613,0.8422555317630265,0.8120481927710843,0.912751677852349
0.8156028368794326,0.9093725793958172,0.8787878787878788,0.948535233570863
0.8227272727272728,0.9681632653061224,0.8796296296296297,0.9791332263242376
0.5229357798165137,0.8499587798845837,0.8097560975609757,0.9662337662337662
0.6829268292682926,0.9097222222222222,0.748792270531401,0.9525547445255474
0.7570093457943925,0.8917568692756037,0.8142857142857143,0.903861955628595
0.6548672566371682,0.9319371727748691,0.758139534883721,0.9559322033898305
0.5418502202643172,0.8453695836873407,0.5418502202643172,0.8453695836873407
0.7432098765432098,0.9244813278008299,0.8693467336683417,0.9777587681779298
0.5635491606714629,0.8270989193682461,0.7386934673366834,0.8891730605285593
0.579676674364896,0.8393822393822394,0.755868544600939,0.900990099009901
0.6859903381642511,0.8917486752460257,0.6859903381642511,0.8917486752460257
0.7277486910994765,0.9263157894736842,0.8609625668449198,0.9782608695652174
0.6821515892420538,0.8902532617037605,0.806930693069307,0.9388714733542319
0.6941176470588235,0.8233413269384492,0.8173302107728337,0.898349261511729
0.8703241895261845,0.9523809523809523,0.9338422391857506,0.9626168224299065
0.7709251101321586,0.9557069846678024,0.8251121076233183,0.9673640167364017
0.5697399527186762,0.8,0.7511961722488039,0.8863636363636364
0.7625570776255708,0.8666140489344909,0.8235294117647058,0.9052631578947369
0.5937499999999999,0.8019246190858059,0.8869565217391304,0.9772329246935202
0.7058823529411764,0.8536977491961415,0.7625570776255708,0.8666140489344909
0.6462585034013605,0.9063250600480385,0.7004608294930876,0.918622848200313
0.6852300242130751,0.8941524796447076,0.7425742574257426,0.9053857350800583
0.8097560975609757,0.9699306090979183,0.8097560975609757,0.9699306090979183
0.6320754716981132,0.8789759503491078,0.6983758700696056,0.9168665067945644
0.87,0.9804511278195489,0.9329896907216495,0.9903632320237212
0.5388026607538803,0.7586763518966909,0.8289473684210527,0.9301075268817205
0.4444444444444444,0.7740164684354987,0.7052154195011338,0.8698817106460419
0.7004608294930876,0.9101899827288429,0.8755980861244019,0.9771929824561404
0.5031847133757963,0.8275862068965517,0.5517241379310345,0.8417391304347827
0.7219251336898396,0.8916666666666666,0.8575342465753424,0.9437229437229437
0.8787878787878788,0.9472830494728305,0.9383886255924171,0.9584664536741214
0.6640826873385013,0.87973086627418,0.7340153452685422,0.9196822594880847
0.5656324582338901,0.858813700918964,0.9306666666666666,0.9884853852967228
0.5611814345991561,0.7423191278493557,0.7263157894736842,0.8530318602261048
0.6438356164383562,0.7511394712853237,0.7011494252873564,0.7872954764196343
0.7412935323383085,0.9319371727748691,0.8693467336683417,0.9802431610942249
0.7625570776255708,0.9584664536741214,0.8190255220417634,0.9695550351288056
0.7592592592592593,0.8668941979522184,0.7592592592592593,0.8668941979522184
0.5806451612903226,0.868071818891491,0.6462585034013605,0.9058728881737731
0.8115942028985508,0.9119638826185101,0.8761904761904762,0.9497293116782676
0.8869565217391304,0.9772329246935202,0.8869565217391304,0.9772329246935202
0.8761904761904762,0.9107296137339056,0.9382422802850356,0.9533632286995516
0.5398230088495576,0.8480801335559266,0.755868544600939,0.9238493723849373
0.75,0.8627132412672625,0.8761904761904762,0.9161290322580645
0.711111111111111,0.8830744071954211,0.7714285714285715,0.9234650967199327
0.6462585034013605,0.9076558800315706,0.8190255220417634,0.9695550351288056
0.8652849740932642,0.9541284403669725,0.9343434343434344,0.9906407487401008
0.6486486486486487,0.871499176276771,0.8804597701149425,0.9484536082474226
0.7603686635944701,0.8951612903225806,0.9402298850574713,0.9889737065309584
0.7058823529411764,0.8577114427860697,0.764172335600907,0.9043112513144059
0.6593886462882096,0.8254252461951657,0.8864628820960698,0.9405306495882891
0.7914438502673796,0.9116981132075471,0.8649350649350649,0.950419527078566
0.8133971291866029,0.9708302169035153,0.8133971291866029,0.9708302169035153
0.6889952153110048,0.7741935483870968,0.9341772151898734,0.9785831960461285
0.8652849740932642,0.981651376146789,0.9304812834224598,0.9909784871616932
0.7085201793721974,0.883834281072299,0.8247191011235955,0.9360131255127153
0.5687203791469194,0.7537387836490528,0.7450980392156863,0.8517673888255416
0.6717171717171717,0.8705547652916075,0.9367396593673966,0.9902475618904726
0.6422018348623854,0.8746987951807229,0.7592592592592593,0.9254709254709255
0.8125,0.8921658986175115,0.9362745098039216,0.95
0.5757575757575757,0.8940505297473512,0.7333333333333334,0.9286274509803921
0.8092909535452323,0.941747572815534,0.9365853658536585,0.9902912621359223
0.6933962264150944,0.8883684621389539,0.7511961722488039,0.900611620795107
0.6882494004796164,0.9227913882702301,0.8645833333333334,0.953998584571833
0.7511961722488039,0.900611620795107,0.8169014084507042,0.9392523364485982
0.5747663551401869,0.8369905956112853,0.8125,0.9355371900826446
0.7529691211401425,0.931008339651251,0.9367396593673966,0.9902475618904726
0.6563876651982379,0.9033856317093312,0.7636363636363637,0.9277204130262113
0.6933962264150944,0.8389380530973451,0.8125,0.8921658986175115
0.8624338624338624,0.9527272727272728,0.8624338624338624,0.9527272727272728
0.6836982968369829,0.9216277317256971,0.8015267175572519,0.9436008676789588
0.7952755905511811,0.9405034324942791,0.7952755905511811,0.9405034324942791
0.5767441860465117,0.8065779169929522,0.701834862385321,0.8793248945147679
0.8785046728971962,0.9785655399835119,0.8785046728971962,0.9785655399835119
0.5185185185185184,0.8187038556193601,0.7412935323383085,0.8917568692756037
0.675,0.8719785138764548,0.9315789473684211,0.987192118226601
0.7493975903614458,0.9277204130262113,0.8731707317073171,0.9788961038961039
0.7211796246648794,0.912751677852349,0.7827298050139275,0.9257849666983825
0.8673469387755102,0.9192546583850931,0.9343434343434344,0.9580645161290322
0.4144144144144144,0.7171453437771975,0.6962616822429906,0.8574277168494516
0.6285714285714286,0.8642297650130548,0.8666666666666667,0.9425287356321839
0.5357142857142858,0.8422876949740035,0.6990740740740742,0.9084507042253521
0.8761904761904762,0.9743589743589743,0.8761904761904762,0.9743589743589743
0.5714285714285714,0.8436873747494991,0.6275071633237823,0.8574277168494516
0.8631578947368421,0.9787234042553191,0.9289617486338798,0.9894736842105263
0.9358024691358025,0.959721146398141,0.9358024691358025,0.959721146398141
0.8164705882352941,0.9080911233307148,0.8787878787878788,0.9472830494728305
0.8551532033426184,0.9551414768806074,0.929539295392954,0.9907997169143666
0.6486486486486487,0.8865979381443299,0.7845303867403315,0.9361702127659575
0.7974025974025974,0.9144111192392099,0.7974025974025974,0.9144111192392099
0.699421965317919,0.8938775510204081,0.7643504531722054,0.9052631578947369
0.6462585034013605,0.9067729083665339,0.7529691211401426,0.9297297297297298
0.8,0.9424778761061947,0.9326424870466321,0.9902621722846442
0.8025316455696203,0.9439252336448598,0.8645833333333334,0.953998584571833
0.8649350649350649,0.9482895783611774,0.9333333333333333,0.9892294946147473
0.7652370203160271,0.8613617719442166,0.8247191011235955,0.9010989010989011
0.6185819070904646,0.7726894254787677,0.9393939393939394,0.9551337359792925
0.6614583333333334,0.9208523592085236,0.8466076696165191,0.9521707137601177
0.6303317535545023,0.824981301421092,0.8169014084507042,0.9093725793958172
0.6285714285714286,0.8642297650130548,0.8666666666666667,0.9425287356321839
0.8793503480278422,0.9482895783611774,1.0,1.0
0.7011494252873564,0.8585858585858586,0.7636363636363637,0.8962490023942538
0.5919282511210762,0.8306188925081432,0.767337807606264,0.9220222793487575
0.8673469387755102,0.9797665369649805,0.8673469387755102,0.9797665369649805
0.7575757575757576,0.9221556886227544,0.8770685579196217,0.9471974004874086
0.6941176470588235,0.8198859005704972,0.755868544600939,0.8564146134239592
0.6372093023255814,0.8706467661691543,0.7547169811320754,0.9224211423699915
0.6875,0.8478260869565217,0.8734793187347932,0.9411764705882353
0.7011494252873564,0.8346055979643766,0.7745664739884393,0.8901408450704226
0.6733668341708543,0.8973438621679828,0.8725490196078431,0.9809104258443465
0.5979381443298969,0.8941176470588236,0.8505747126436781,0.9758588672237697
0.6955503512880562,0.8881939014855356,0.8156028368794326,0.9378486055776892
0.8111380145278451,0.9707426856714179,0.8111380145278451,0.9707426856714179
0.5593220338983051,0.8708938120702827,0.7360406091370559,0.9297297297297298
0.7603686635944701,0.8624338624338624,0.8190255220417634,0.9120631341600902
0.5367483296213807,0.8125530110262935,0.6486486486486487,0.8642297650130548
0.6859903381642511,0.8311688311688312,0.9389671361502347,0.9884444444444445
0.7425742574257426,0.8739746457867263,0.8092909535452323,0.9099307159353349
0.6774193548387097,0.9173947577442414,0.7333333333333334,0.9286274509803921
0.796875,0.9335604770017035,0.9306666666666666,0.9884853852967228
0.6486486486486487,0.8665526090675791,0.7630979498861048,0.9201053555750658
0.8125,0.9355371900826446,0.9365853658536585,0.9889549702633815
0.9121621621621622,0.9580645161290322,0.9121621621621622,0.9580645161290322
0.5863636363636364,0.8086754453911696,0.7714285714285715,0.9234650967199327
0.7511961722488039,0.900611620795107,0.8169014084507042,0.9392523364485982
0.5787037037037037,0.811017597551645,0.7058823529411764,0.8845843422114609
0.5325842696629213,0.7433476394849785,0.5325842696629213,0.7433476394849785
0.511737089201878,0.8043641835966893,0.8092909535452323,0.9099307159353349
0.6733668341708543,0.924963924963925,0.7450980392156863,0.9614814814814815
0.5635491606714629,0.7339534883720931,0.6798029556650247,0.7822660098522167
0.9250720461095101,0.9900839054157132,0.9250720461095101,0.9900839054157132
0.6875,0.9225037257824144,0.8719211822660098,0.9809384164222874
0.6486486486486487,0.8046744574290484,0.8223234624145785,0.8952551477170994
0.5185185185185184,0.7872340425531915,0.6329411764705882,0.8351648351648352
0.6231884057971014,0.7680872150644202,0.6798029556650247,0.7822660098522167
0.6548672566371682,0.9230769230769231,0.7058823529411764,0.9368318756073858
0.4823008849557523,0.8421052631578947,0.7668161434977578,0.9587628865979382
0.6640826873385013,0.8933631618195377,0.8586956521739131,0.9510173323285607
0.5021276595744681,0.9051094890510949,0.5458515283842794,0.9172633253778839
0.6836982968369829,0.8917486752460257,0.8737864077669903,0.9792
0.6758104738154613,0.9397590361445783,0.8539325842696629,0.9765554553651938
0.7291666666666667,0.9620991253644315,0.8522727272727273,0.9815078236130867
0.6919431279620853,0.9178515007898894,0.7493975903614458,0.9297297297297298
0.7874659400544959,0.9057211925866238,0.7874659400544959,0.9057211925866238
0.6388888888888888,0.8070898598516076,0.8206896551724138,0.9266227657572907
0.7603686635944701,0.8856640281442392,0.8173302107728337,0.898349261511729
0.6327683615819208,0.9111111111111111,0.8404907975460123,0.9769503546099291
0.7529691211401426,0.8712871287128713,0.8164705882352941,0.9080911233307148
0.8215102974828375,0.9669211195928753,0.8785046728971962,0.9782790309106099
0.8737864077669903,0.9169992019154031,0.8737864077669903,0.9169992019154031
0.6623376623376622,0.7864963503649636,0.8289473684210527,0.9190871369294606
0.8138424821002386,0.9674185463659148,0.8725490196078431,0.9785831960461285
0.6533333333333333,0.7475728155339806,0.7688888888888888,0.8225255972696246
0.45833333333333337,0.7878787878787878,0.625,0.8463356973995272
0.5593220338983051,0.8724528301886793,0.755868544600939,0.9602750190985485
0.755868544600939,0.8592839300582847,0.9382422802850356,0.9533632286995516
0.6673773987206824,0.8845014807502468,0.8293216630196937,0.9268978444236177
0.6774193548387097,0.8385093167701863,0.8020304568527918,0.891566265060241
0.6388888888888888,0.7948910593538693,0.8231292517006803,0.903861955628595
0.7123893805309736,0.8468013468013468,0.7683741648106904,0.8602150537634409
0.5495049504950495,0.8165784832451499,0.6700507614213198,0.8679593721144967
0.5910112359550561,0.8622656886715566,0.7511961722488039,0.8985167837626854
0.6430205949656751,0.9044897959183673,0.806930693069307,0.9388714733542319
0.6782178217821782,0.9326424870466321,0.6782178217821782,0.9326424870466321
0.803030303030303,0.9158878504672897,0.803030303030303,0.9158878504672897
0.6976744186046512,0.8761904761904762,0.7745664739884393,0.9205702647657841
0.9400921658986175,0.9888983774551665,1.0,1.0
0.5526881720430108,0.7651434643995749,0.6608695652173913,0.8276243093922652
0.47178329571106103,0.7790368271954674,0.5294117647058824,0.7974335472043996
0.7062146892655368,0.8965791567223548,0.7827298050139275,0.9349457881567973
0.8088235294117647,0.8645833333333334,0.9362745098039216,0.95
0.7142857142857143,0.886858137510879,0.7874659400544959,0.9282428702851886
0.5720164609053497,0.9045871559633027,0.6192468619246863,0.918091809180918
0.8683544303797468,0.950419527078566,0.8683544303797468,0.950419527078566
0.5777262180974478,0.7735550277117973,0.6997690531177829,0.8435081685296646
0.7709251101321586,0.8826714801444043,0.8864628820960698,0.9752851711026616
0.6176470588235294,0.8305575669804489,0.8743961352657005,0.9489395129615082
0.8020304568527918,0.967741935483871,0.8631578947368421,0.9787234042553191
0.6836982968369829,0.8274881516587678,0.8725490196078431,0.9700805523590333
0.8156028368794326,0.9378486055776892,0.9379474940334129,0.9894394800974817
0.6422018348623854,0.8730675345809602,0.7592592592592592,0.9244813278008299
0.5336322869955157,0.7849462365591398,0.8807339449541284,0.9749276759884281
0.5964523281596452,0.7872523686477175,0.7085201793721974,0.8386524822695036
0.7564402810304449,0.9199648197009674,0.7564402810304449,0.9199648197009674
0.7570093457943925,0.8917568692756037,0.8770685579196218,0.9444918872758327
0.6623376623376623,0.9027431421446384,0.7228144989339019,0.9445865302642796
0.7529691211401426,0.9306930693069306,0.8716049382716049,0.9523809523809523
0.6303317535545023,0.8487199379363848,0.6955503512880562,0.8853247794707297
0.44680851063829785,0.7529691211401426,0.5727699530516432,0.8053585500394012
0.8645833333333334,0.9259786476868328,1.0,1.0
0.6632124352331606,0.8465430016863407,0.8,0.926829268292683
0.8645833333333334,0.953998584571833,0.9302949061662198,0.9637630662020906
0.8807339449541284,0.9792498004788508,0.8807339449541284,0.9792498004788508
0.7386934673366834,0.9307984790874525,0.7974025974025974,0.941397445529677
0.5294117647058824,0.7949526813880127,0.7065462753950339,0.8815244407622204
0.8040201005025126,0.9719222462203023,0.8652849740932642,0.9815994338287332
0.3275862068965517,0.6408839779005524,0.49677419354838714,0.738755980861244
0.7412935323383085,0.9605163249810175,0.7989690721649485,0.9707865168539326
0.7511961722488039,0.899768696993061,0.8743961352657005,0.9489395129615082
0.8059701492537313,0.9080911233307148,0.9343434343434344,0.9580645161290322
0.6303317535545023,0.8508033664881408,0.6976744186046512,0.8885424785658612
0.6517857142857144,0.8395061728395061,0.6517857142857144,0.8395061728395061
0.8761904761904762,0.9207920792079208,0.8761904761904762,0.9207920792079208
0.8169014084507042,0.8761904761904762,0.8785046728971962,0.9144736842105263
0.7425742574257426,0.9326424870466321,0.9329896907216495,0.9903632320237212
0.6486486486486487,0.8642297650130548,0.880184331797235,0.9761248852157943
0.8129496402877698,0.941747572815534,0.8129496402877698,0.941747572815534
0.6926713947990544,0.9456975772765246,0.8035264483627205,0.96826688364524
0.7886178861788617,0.9447200566973778,0.8624338624338624,0.9810080350620891
0.7425742574257426,0.9047619047619048,0.9362745098039216,0.9900687547746371
0.6805896805896805,0.8429680759275238,0.865979381443299,0.9072256913470116
0.6187683284457479,0.8711276332094176,0.7607361963190185,0.9469387755102041
0.7298701298701299,0.9353233830845771,0.8551532033426184,0.9551414768806074
0.5979381443298969,0.8941176470588236,0.7851239669421488,0.9634489222118088
0.7481840193704601,0.8869565217391304,0.8706467661691543,0.9651006711409396
0.5767441860465117,0.751304347826087,0.7517899761336515,0.8373435996150145
0.6052060737527116,0.8904802021903959,0.7709251101321586,0.9568464730290457
0.6422018348623854,0.8746987951807229,0.7592592592592593,0.9254709254709255
0.7004608294930876,0.918622848200313,0.7004608294930876,0.918622848200313
0.7592592592592593,0.8640386162510056,0.9395348837209302,0.9556313993174061
0.6127659574468085,0.8813868613138687,0.7739130434782608,0.9524680073126143
0.34851936218678825,0.6947368421052631,0.4788418708240534,0.7692307692307692
0.6790123456790124,0.8912547528517111,0.8755980861244019,0.9800613496932515
0.7438423645320198,0.9049707602339181,0.8767772511848341,0.9800613496932515
0.6422018348623854,0.8757961783439491,0.8251121076233183,0.968421052631579
0.7668161434977578,0.8250630782169891,0.8828828828828829,0.9051959890610757
0.8156028368794326,0.8787878787878788,0.9399538106235565,0.9578947368421052
0.7541371158392435,0.9306930693069306,0.7541371158392435,0.9306930693069306
0.6454545454545455,0.9273743016759777,0.9306666666666666,0.9884853852967228
0.6320754716981132,0.8811881188118812,0.9362745098039216,0.9899768696993061
0.4753363228699551,0.7807228915662651,0.6397228637413395,0.8415922014622258
0.8211009174311926,0.9357495881383855,1.0,1.0
0.6774193548387097,0.9532710280373832,0.9259259259259259,0.991304347826087
0.49144254278728605,0.6945863125638406,0.6640826873385013,0.7579408543263965
0.7450980392156863,0.8819255222524978,0.8040201005025126,0.8946894689468947
0.8177570093457944,0.9689737470167065,0.8177570093457944,0.9689737470167065
0.7380352644836272,0.9270248596631917,0.8088235294117647,0.9683698296836983
0.5345268542199488,0.8585774058577406,0.7305699481865284,0.9522497704315886
0.723404255319149,0.9494163424124513,0.8488372093023255,0.9750479846449136
0.8102189781021898,0.9412207987942728,0.9362745098039216,0.9900687547746371
0.75,0.9198237885462555,0.8725490196078431,0.9762122598353157
0.8834080717488789,0.9761248852157943,0.8834080717488789,0.9761248852157943
0.7052154195011338,0.913549459684123,0.8156028368794326,0.937046004842615
0.6320754716981132,0.8811881188118812,0.6320754716981132,0.8811881188118812
0.6285714285714286,0.8786936236391913,0.8731707317073171,0.9788961038961039
0.5863636363636364,0.8581024349286314,0.8712871287128713,0.9459684123025769
0.6040609137055837,0.8641114982578397,0.7298701298701298,0.9174977334542158
0.5458515283842795,0.7294117647058824,0.6563876651982379,0.8051948051948052
0.6397228637413395,0.846093133385951,0.8834080717488789,0.9784768211920529
0.672544080604534,0.8691588785046729,0.8020304568527918,0.9147851420247632
1.0,1.0,1.0,1.0
0.6941176470588235,0.8516707416462918,0.7570093457943925,0.8899237933954276
0.8743961352657005,0.9503437738731857,0.8743961352657005,0.9503437738731857
0.6889952153110048,0.8807339449541285,0.8106796116504854,0.9331046312178387
0.8025316455696203,0.9162491052254832,0.8709677419354839,0.9523809523809523
0.5309278350515464,0.7854039965247611,0.7425742574257426,0.8884120171673819
0.75,0.8627132412672625,0.8785046728971962,0.945424013434089
0.6517857142857142,0.870216306156406,0.7052154195011338,0.8828828828828829
0.6320754716981132,0.8811881188118812,0.6859903381642511,0.8927231807951989
0.74,0.9028400597907325,0.7994858611825193,0.9136531365313653
0.7263157894736842,0.9574468085106383,0.7863013698630137,0.9684721099434115
0.6889952153110048,0.8689275893675528,0.9331619537275064,0.9510818438381938
0.7360406091370559,0.9297297297297298,0.8054862842892768,0.9687750200160128
0.6,0.8775510204081632,0.7277486910994765,0.9263157894736842
0.7419354838709677,0.821917808219178,0.8049999999999999,0.8674971687429218
0.7592592592592593,0.9254709254709255,0.8743961352657005,0.9482895783611774
0.6476964769647697,0.8853247794707297,0.8395061728395061,0.9185591229444009
0.6457765667574932,0.9390815370196813,0.7657657657657657,0.9640552995391705
0.7925531914893617,0.9361702127659575,0.9321148825065274,0.9895916733386709
0.6405529953917051,0.8525519848771267,0.8266666666666667,0.9637883008356546
0.6052060737527116,0.8223740392826644,0.7216274089935759,0.9050228310502283
0.6675191815856778,0.8949301983835415,0.7974025974025974,0.941397445529677
0.6012269938650305,0.8555555555555556,0.6634304207119741,0.8734353268428373
0.43231441048034924,0.7970419063270336,0.5910112359550562,0.8604459124690339
0.75,0.9198237885462555,0.8074074074074074,0.9319965126416739
0.5517241379310345,0.7590243902439024,0.6060606060606061,0.7728155339805824
0.8102189781021898,0.9406844106463879,0.8755980861244019,0.9796397807361003
0.6320754716981132,0.8026981450252951,0.875,0.9368318756073858
0.625,0.8505747126436782,0.8106796116504854,0.9123595505617977
0.6813725490196079,0.8606431852986217,1.0,1.0
0.5955555555555555,0.7815126050420168,0.7630979498861048,0.8930669800235017
0.4608294930875576,0.8169014084507042,0.6805896805896805,0.888715953307393
0.6889952153110048,0.851063829787234,0.87409200968523,0.9425287356321839
0.7248677248677249,0.90559186637618,1.0,1.0
0.6517857142857142,0.936944219886823,0.6517857142857142,0.936944219886823
0.7078651685393258,0.8470588235294118,0.8488372093023255,0.9004784688995215
0.5550122249388754,0.8334975369458129,0.7815126050420168,0.8873917228103946
0.6050632911392405,0.8539325842696629,0.8755980861244019,0.9800613496932515
0.8125,0.970873786407767,0.9343434343434344,0.9906407487401008
0.625,0.8505747126436782,0.6933962264150944,0.8883684621389539
0.8045112781954887,0.9719626168224299,0.865979381443299,0.9816643159379408
0.6700507614213198,0.9238653001464129,0.8005115089514067,0.9711324944485566
0.7863013698630137,0.9160086145010768,0.9275766016713092,0.9618488628026413
0.8703241895261845,0.9517446176688938,1.0,1.0
0.8106796116504854,0.9123595505617977,0.8106796116504854,0.9123595505617977
0.7189189189189189,0.8741529525653436,0.9246376811594204,0.9468845760980592
0.796875,0.9616519174041298,0.8594594594594595,0.9746341463414634
0.9388235294117647,0.9593432369038312,0.9388235294117647,0.9593432369038312
0.6430205949656751,0.845360824742268,0.8823529411764706,0.9775862068965517
0.5145228215767634,0.9010989010989011,0.7004608294930876,0.9483717235901509
0.625,0.8463356973995272,0.8115942028985508,0.9343434343434344
0.8020304568527918,0.9155234657039711,0.8703241895261845,0.9517446176688938
0.5873015873015872,0.8288065843621399,0.7570093457943925,0.8917568692756037
0.7564402810304449,0.930053804765565,0.8206896551724138,0.9692671394799054
0.6962616822429906,0.8591331269349844,0.9410430839002267,0.9894566098945661
0.7360406091370559,0.9297297297297298,0.8586956521739131,0.9510173323285607
0.5438596491228069,0.8649669499527857,0.8054862842892768,0.9302949061662198
0.8049999999999999,0.8674971687429218,0.8690176322418136,0.9204406364749083
0.7625570776255708,0.957962813257882,0.7625570776255708,0.957962813257882
0.8092909535452323,0.9110266159695818,0.8743961352657005,0.9489395129615082
0.792,0.8918918918918919,0.8645833333333334,0.926605504587156
0.6700507614213198,0.8976377952755905,0.8645833333333334,0.9541930937279774
0.7058823529411764,0.8536977491961415,0.7625570776255708,0.8666140489344909
0.6422018348623854,0.8178988326848249,0.8247191011235955,0.9333902647309992
0.755868544600939,0.8592839300582847,0.8173302107728337,0.898349261511729
0.8102189781021898,0.9406844106463879,0.8102189781021898,0.9406844106463879
0.5408388520971302,0.8172043010752688,0.7729257641921398,0.9530685920577617
0.6060606060606061,0.845662100456621,0.7739130434782608,0.94921875
0.8156028368794326,0.9362224039247752,0.8156028368794326,0.9362224039247752
0.7004608294930876,0.9101899827288429,0.7547169811320754,0.9224211423699915
0.7974025974025974,0.941397445529677,0.8602150537634409,0.9517446176688938
0.6294536817102139,0.8275862068965517,0.8173302107728337,0.96
0.7705882352941176,0.959332638164755,0.7705882352941176,0.959332638164755
0.5336322869955157,0.883834281072299,0.6285714285714286,0.9073634204275535
0.7291666666666667,0.8252326783867632,0.9297297297297298,0.937799043062201
0.7570093457943925,0.8917568692756037,0.9389671361502347,0.9884444444444445
0.7127071823204421,0.8690835850956697,0.7127071823204421,0.8690835850956697
0.8169014084507042,0.9093725793958172,0.8793503480278422,0.9482895783611774
0.5937499999999999,0.8019246190858059,0.7699115044247788,0.8922056384742952
0.7523809523809524,0.9013657056145675,0.8712871287128713,0.9235294117647059
0.8645833333333334,0.9259786476868328,1.0,1.0
0.6020408163265306,0.8293963254593175,0.796875,0.9244186046511628
0.553921568627451,0.797270955165692,0.7226666666666667,0.8385864374403056
0.6889952153110048,0.9125168236877523,0.8040201005025126,0.9482071713147411
0.6692111959287532,0.8826907301066448,0.8598382749326146,0.9451476793248945
0.48684210526315796,0.7386934673366834,0.7668161434977578,0.8796296296296297
0.731958762886598,0.9278350515463918,0.7914438502673796,0.9387755102040817
0.5973451327433628,0.8824593128390597,0.6470588235294117,0.8956289027653881
0.7380352644836272,0.9217540842648323,0.7380352644836272,0.9217540842648323
0.4693877551020408,0.7473684210526316,0.5251141552511416,0.7628865979381443
0.7523809523809524,0.9013657056145675,0.9386792452830188,0.98973954222573
0.5428571428571429,0.8761904761904762,0.5900900900900901,0.8890784982935154
0.6983758700696056,0.9176563737133808,0.8102189781021898,0.9401381427475057
0.59375,0.875,0.6486486486486487,0.8865979381443299
0.764172335600907,0.8521434820647419,0.8231292517006803,0.8931506849315068
0.5251141552511416,0.7938144329896908,0.7630979498861048,0.9201053555750658
0.7412935323383085,0.9139072847682119,0.8624338624338624,0.9395348837209302
0.463302752293578,0.8075024679170779,0.558252427184466,0.8360814742967992
0.7277486910994765,0.9068767908309455,0.8624338624338624,0.9527272727272728
0.7189189189189189,0.8741529525653436,0.7897574123989218,0.9193381592554292
0.5488069414316703,0.8533333333333333,0.7078651685393258,0.9315068493150684
0.8040201005025126,0.9718411552346571,0.8040201005025126,0.9718411552346571
0.696969696969697,0.9057116953762466,0.8211009174311927,0.9653948535936113
0.7305699481865284,0.9626704953338119,0.7897574123989218,0.9723991507430998
0.7777777777777778,0.9331619537275064,0.7777777777777778,0.9331619537275064
0.6398891966759002,0.8823045267489712,0.7777777777777778,0.9331619537275064
0.8390092879256966,0.9494949494949495,0.9212121212121213,0.9894566098945661
0.7625570776255708,0.9587628865979382,0.8767772511848341,0.9801980198019802
0.7636363636363637,0.8962490023942538,0.7636363636363637,0.8962490023942538
0.7386934673366834,0.9326424870466321,0.8631578947368421,0.9538024164889837
0.7493975903614458,0.9277204130262113,0.9348370927318296,0.9895916733386709
0.7592592592592593,0.8975571315996848,0.8215102974828375,0.9368421052631579
0.750599520383693,0.8661916072842439,0.9389671361502347,0.9884444444444445
0.6708860759493671,0.8516707416462918,0.8054862842892768,0.9302949061662198
0.7603686635944701,0.865979381443299,0.9420935412026726,0.989010989010989
0.6983758700696056,0.8803347280334728,0.7630979498861048,0.9228159457167091
0.7204301075268817,0.856985698569857,0.9273743016759777,0.9831824062095731
0.5128805620608899,0.8324488248673237,0.6320754716981132,0.8800922367409685
0.70917225950783,0.9073909171861086,0.7688888888888888,0.9517177344475395
0.8164705882352941,0.8610863757791629,0.8164705882352941,0.8610863757791629
0.767337807606264,0.8609053497942387,0.8266666666666667,0.9012658227848102
0.7438423645320198,0.9331373989713446,0.8025316455696203,0.9436008676789588
0.6821515892420538,0.8902532617037605,0.7493975903614458,0.9277204130262113
0.625,0.9423503325942351,0.7897574123989218,0.9723991507430998
0.5737704918032787,0.7777777777777778,0.8828828828828829,0.946236559139785
0.7386934673366834,0.9015151515151515,0.806930693069307,0.9388714733542319
0.5854214123006835,0.7980376124284546,0.8206896551724139,0.9282428702851886
0.579676674364896,0.8686868686868687,0.8078817733990148,0.9397217928902628
0.6990740740740742,0.9084507042253521,0.8106796116504854,0.9331046312178387
0.7931034482758621,0.972972972972973,0.8571428571428572,0.9823008849557522
0.9269662921348315,0.9874152952565344,1.0,1.0
0.5438596491228069,0.7481044650379107,0.6563876651982379,0.821917808219178
0.7771428571428571,0.898876404494382,0.8526912181303117,0.9406392694063926
0.6859903381642511,0.8936802973977696,0.8020304568527918,0.9155234657039711
0.44811320754716977,0.7692307692307692,0.6542553191489362,0.8339140534262486
0.5697399527186762,0.8173836698858647,0.7630979498861048,0.9210754553339116
0.5465116279069768,0.8644264194669757,0.6829268292682926,0.934010152284264
0.7117516629711752,0.8842105263157894,0.7724288840262582,0.9246064623032312
0.5862068965517241,0.790547798066595,0.7142857142857143,0.8497109826589595
0.6640826873385013,0.8644825018615041,0.9302949061662198,0.959087332808812
0.9329896907216495,0.9903632320237212,0.9329896907216495,0.9903632320237212
0.7614678899082569,0.8969072164948454,0.8231292517006803,0.9364303178484108
0.6454545454545455,0.8985255854293148,0.7018348623853211,0.9123102866779089
0.7065462753950339,0.8526315789473684,0.8828828828828829,0.9448685326547922
0.7903225806451613,0.9299820466786355,0.7903225806451613,0.9299820466786355
0.6525612472160356,0.8343245539507221,0.8285714285714285,0.9635173058933583
0.6397228637413395,0.904019688269073,0.6397228637413395,0.904019688269073
0.8020304568527918,0.9440459110473458,0.9304812834224598,0.96398891966759
0.8531073446327684,0.9791833466773419,0.9230769230769231,0.9896907216494846
0.7025171624713958,0.8125643666323378,0.8190255220417634,0.9087719298245615
0.717391304347826,0.8913951545530493,0.7952755905511811,0.9347280334728033
0.8106796116504854,0.9418777943368107,0.8761904761904762,0.9801526717557252
0.745721271393643,0.9259560618388935,0.9333333333333333,0.9892294946147473
0.87409200968523,0.9425287356321839,0.87409200968523,0.9425287356321839
0.6346604215456675,0.8463356973995272,0.8787878787878788,0.948535233570863
0.6517857142857144,0.8718159408381265,0.7614678899082569,0.8969072164948454
0.6983758700696056,0.8594594594594595,0.8804597701149426,0.9479583666933546
0.715068493150685,0.9096325719960278,0.7777777777777778,0.9231527093596059
0.8181818181818181,0.9393939393939394,0.8807339449541285,0.979315831344471
0.7438423645320198,0.9331373989713446,0.8712871287128713,0.9807264640474426
0.6008771929824561,0.8939641109298532,0.6008771929824561,0.8939641109298532
0.7529691211401426,0.8712871287128713,1.0,1.0
0.463302752293578,0.8075024679170779,0.509433962264151,0.821917808219178
0.7284595300261096,0.8791994281629736,0.9322916666666666,0.9608433734939759
0.8227272727272728,0.9342327150084317,0.8227272727272728,0.9342327150084317
0.7025171624713958,0.8300653594771241,0.7614678899082569,0.872173058013766
0.5272727272727273,0.8258471237194641,0.6303317535545023,0.8505747126436782
0.6517857142857142,0.8626760563380282,0.7699115044247788,0.9205240174672489
0.7662921348314606,0.9229466553767993,0.8823529411764706,0.9775862068965517
0.7312661498708011,0.9356890459363958,0.7312661498708011,0.9356890459363958
0.6138613861386139,0.827178729689808,0.8059701492537313,0.9080911233307148
0.8106796116504854,0.9418777943368107,0.8709677419354839,0.9523809523809523
0.8169014084507042,0.9093725793958172,0.8793503480278422,0.9482895783611774
0.5367483296213809,0.8181069958847736,0.7149122807017544,0.9121621621621622
0.59375,0.8631578947368421,0.8243243243243243,0.9676348547717842
0.9386792452830188,0.9596273291925466,0.9386792452830188,0.9596273291925466
0.6438356164383562,0.7970511708586296,0.6438356164383562,0.7970511708586296
0.8652849740932642,0.981638418079096,0.9306666666666666,0.990990990990991
0.5408388520971302,0.8172043010752688,0.7136563876651982,0.9094076655052264
0.5676959619952494,0.8310316815597075,0.7412935323383085,0.8917568692756037
0.6478555304740407,0.8334756618274979,0.8818181818181818,0.9142621599340478
0.8156028368794326,0.9378486055776892,0.9379474940334129,0.9894394800974817
0.8602150537634409,0.9517446176688938,0.9313984168865436,0.9900076863950807
0.6758104738154613,0.9397590361445783,0.7897574123989218,0.9645131938125568
0.7592592592592592,0.9264349232012935,0.8156028368794326,0.9378486055776892
0.7018348623853211,0.9489395129615082,0.8106796116504854,0.9702517162471396
0.8211009174311926,0.9009314140558848,0.8812785388127854,0.9428320140721196
0.8266666666666667,0.934934934934935,0.9141914191419142,0.9860064585575888
0.696969696969697,0.8764044943820225,0.8198614318706697,0.962962962962963
0.48,0.8562814070351759,0.6306818181818182,0.8976377952755905
0.7346938775510203,0.8994586233565351,0.9333333333333333,0.9892294946147473
0.7412935323383085,0.9605163249810175,0.7989690721649485,0.9707865168539326
0.625,0.8463356973995272,0.7547169811320754,0.9224211423699915
0.8683544303797468,0.950419527078566,1.0,1.0
0.8719211822660098,0.9809384164222874,0.9343434343434344,0.9906407487401008
0.8115942028985508,0.9343434343434344,0.8755980861244019,0.9771929824561404
0.6867469879518072,0.885691446842526,0.8785046728971962,0.9791164658634538
0.6844660194174758,0.9202453987730062,0.8088235294117647,0.9696024941543258
0.7425742574257426,0.9047619047619048,0.8102189781021898,0.9412207987942728
0.6213592233009708,0.8742949234488315,0.6882494004796164,0.9126784214945424
0.7373737373737373,0.9001536098310292,0.7373737373737373,0.9001536098310292
0.6267942583732058,0.8769716088328076,0.8138424821002386,0.9674185463659148
0.6204379562043796,0.9144111192392099,0.8652849740932642,0.9815471965933286
0.649438202247191,0.9072164948453608,0.7668161434977578,0.9587628865979382
0.7412935323383085,0.9555555555555556,0.8609625668449198,0.9782608695652174
0.8092909535452323,0.9110266159695818,0.9358024691358025,0.959721146398141
0.9343434343434344,0.9580645161290322,1.0,1.0
0.8202764976958525,0.9369951534733441,0.9402298850574713,0.9894736842105263
0.6955503512880562,0.7981735159817351,0.9403669724770642,0.9511278195488722
0.8035264483627205,0.96826688364524,0.8035264483627205,0.96826688364524
0.8035264483627205,0.9372485921158488,1.0,1.0
0.6994219653179191,0.9142318567389256,0.844311377245509,0.9741035856573705
0.6941176470588235,0.8540497193263834,0.880184331797235,0.9765554553651938
0.7845303867403315,0.967741935483871,0.8497109826589595,0.9787059787059788
1.0,1.0,1.0,1.0
0.5448577680525165,0.8780903665814151,0.6397228637413395,0.9025811823480433
0.5676959619952494,0.8310316815597075,0.8725490196078431,0.9762122598353157
0.5042372881355932,0.8260481712756467,0.6077586206896552,0.8564146134239592
0.8785046728971962,0.9782790309106099,0.8785046728971962,0.9782790309106099
0.6913946587537092,0.8938156359393232,0.8385093167701863,0.9668789808917198
0.6231884057971014,0.8472983555207517,0.7511961722488039,0.8991466252909233
0.6933962264150944,0.9150326797385621,0.8138424821002386,0.9674185463659148
0.6578947368421053,0.8701082431307244,0.6578947368421053,0.8701082431307244
0.6294536817102139,0.8963684676705048,0.7380352644836272,0.9213483146067416
0.6563876651982379,0.9296028880866426,0.6563876651982379,0.9296028880866426
0.6320754716981132,0.8811881188118812,0.9362745098039216,0.9899768696993061
0.6733668341708543,0.87,0.7438423645320198,0.9049707602339181
0.675,0.8860557768924303,0.7432098765432098,0.9244813278008299
0.5777262180974478,0.8363493312352479,0.7511961722488039,0.8972332015810277
0.6717171717171717,0.8076923076923077,0.8706467661691543,0.9130434782608696
0.6388888888888888,0.8729641693811075,0.8761904761904762,0.9776247848537005
0.8624338624338624,0.9810080350620891,0.8624338624338624,0.9810080350620891
0.6258992805755397,0.8946894689468947,0.8575342465753424,0.9437229437229437
0.8712871287128713,0.9459684123025769,0.8712871287128713,0.9459684123025769
0.6852300242130751,0.8640776699029127,0.8785046728971962,0.9785655399835119
0.6372093023255814,0.8890995260663507,0.7450980392156863,0.9156626506024097
0.7045454545454546,0.9494163424124513,0.7045454545454546,0.9494163424124513
0.7438423645320198,0.9609902475618904,0.8624338624338624,0.9810080350620891
0.6919431279620853,0.8593508500772797,0.8787878787878788,0.948535233570863
0.7291666666666667,0.9078014184397163,0.87,0.9804511278195489
0.5478260869565217,0.8433734939759037,0.6694915254237288,0.9294755877034357
0.6446469248291571,0.9058728881737731,0.9351620947630923,0.98973954222573
0.5251141552511415,0.7655545536519386,0.7729257641921397,0.9498553519768563
0.7636363636363637,0.9277204130262113,0.7636363636363637,0.9277204130262113
0.6320754716981132,0.8526077097505669,0.8177570093457944,0.9386792452830188
0.7570093457943925,0.8917568692756037,0.9389671361502347,0.9884444444444445
0.5377777777777777,0.8452380952380952,0.6486486486486487,0.8976377952755905
0.6941176470588235,0.8233413269384492,0.6941176470588235,0.8233413269384492
0.7592592592592592,0.9565943238731218,0.8147268408551069,0.9679012345679012
0.5946547884187081,0.7912087912087912,0.880184331797235,0.9081272084805654
0.8686868686868687,0.9800307219662059,0.8686868686868687,0.9800307219662059
0.7412935323383085,0.8917568692756037,0.868020304568528,0.9439171699741156
0.6388888888888888,0.8103727714748784,0.8266666666666667,0.9335604770017036
0.6983758700696056,0.9184313725490196,0.7625570776255708,0.957962813257882
0.6303317535545023,0.8217821782178218,0.8142857142857143,0.9054163298302345
0.7475728155339806,0.9177958446251129,0.8054862842892768,0.9302949061662198
0.6,0.8576242628475148,0.7694013303769401,0.9247311827956989
0.74,0.9312169312169312,0.7989690721649485,0.9418777943368107
0.74,0.9028400597907325,0.8683544303797468,0.950419527078566
0.6303317535545023,0.8190255220417633,0.8770685579196218,0.9444918872758327
0.8712871287128713,0.9240321402483564,1.0,1.0
0.6700507614213198,0.8683068017366136,0.7994858611825193,0.9136531365313653
0.7149122807017544,0.945054945054945,0.8227272727272728,0.9681632653061224
0.6962616822429906,0.889745566692367,0.8169014084507042,0.9391575663026521
0.7745664739884393,0.9205702647657841,0.8429003021148036,0.9341438703140831
0.7373737373737373,0.8698999230177059,0.9362745098039216,0.9887445887445887
0.6167076167076168,0.8577680525164114,0.6859903381642511,0.8927231807951989
0.48571428571428577,0.7749381698268756,0.7117516629711752,0.8785046728971962
0.6476964769647696,0.8343949044585988,0.7897574123989218,0.9193381592554292
0.7614678899082569,0.8755980861244019,0.7614678899082569,0.8755980861244019
0.7346938775510203,0.8994586233565351,0.9302949061662198,0.959087332808812
0.6983758700696056,0.9176563737133808,0.8102189781021898,0.9401381427475057
0.7412935323383084,0.8588490770901194,0.87,0.9673776662484316
0.8761904761904762,0.9801526717557252,0.8761904761904762,0.9801526717557252
0.4924078091106291,0.7397831526271894,0.6601307189542484,0.8278905560458959
0.6683673469387755,0.8665689149560117,0.6683673469387755,0.8665689149560117
0.7984496124031008,0.912490650710546,0.8676844783715012,0.9497293116782676
0.7117516629711752,0.8657276995305164,0.7668161434977578,0.8796296296296297
0.7511961722488039,0.900611620795107,0.9392523364485981,0.98989898989899
0.7570093457943925,0.8973143759873617,0.9386792452830188,0.9596273291925466
0.7333333333333334,0.9079878665318504,0.8010204081632653,0.9580193756727664
0.856353591160221,0.9799382716049383,0.9250720461095101,0.9900839054157132
0.6912114014251782,0.9383886255924171,0.7450980392156863,0.9512195121951219
0.5991189427312775,0.8585774058577406,0.7614678899082569,0.8969072164948454
0.7412935323383085,0.8917568692756037,0.868020304568528,0.9439171699741156
0.7880434782608696,0.9375,0.9277777777777778,0.989247311827957
0.7897574123989218,0.9690230341540905,0.8539325842696629,0.9795918367346939
0.8054862842892768,0.964769647696477,0.865979381443299,0.9767441860465116
0.7958115183246073,0.8698553948832035,0.9297297297297298,0.937799043062201
0.8133971291866029,0.9369951534733441,0.8785046728971962,0.9787928221859706
0.7086834733893557,0.8690937257939582,0.863517060367454,0.9490196078431372
0.6990740740740742,0.8610301263362488,0.6990740740740742,0.8610301263362488
0.7535545023696683,0.9209383145091226,0.8106796116504854,0.9331046312178387
0.5873015873015873,0.7798306389530408,0.7688888888888888,0.890295358649789
0.6446469248291572,0.8436246992782679,0.7065462753950339,0.8815244407622204
0.8045112781954887,0.9719626168224299,0.8045112781954887,0.9719626168224299
0.7874659400544959,0.9282428702851886,0.8594594594594595,0.9746341463414634
0.7291666666666667,0.9620991253644315,0.7880434782608696,0.9719222462203023
0.6320754716981132,0.8822641509433962,0.8703241895261845,0.9517446176688938
0.699074074074074,0.9477911646586346,0.8088235294117647,0.9696024941543258
0.8160377358490566,0.8615384615384616,0.8160377358490566,0.8615384615384616
0.8818181818181818,0.9778534923339012,1.0,1.0
0.7380352644836272,0.8554319931565441,0.865979381443299,0.9072256913470116
0.6446469248291571,0.9058728881737731,0.8737864077669903,0.9792
0.6700507614213198,0.8961510530137982,0.8624338624338624,0.9527272727272728
0.937046004842615,0.9876543209876543,0.937046004842615,0.9876543209876543
0.7592592592592593,0.8640386162510056,0.9395348837209302,0.9556313993174061
0.8035264483627205,0.9717595944967415,1.0,1.0
0.8731707317073171,0.9736040609137055,0.8731707317073171,0.9736040609137055
0.6694915254237288,0.8651685393258427,0.6694915254237288,0.8651685393258427
0.42222222222222217,0.7608695652173914,0.5185185185185184,0.7872340425531915
0.5517241379310345,0.7590243902439024,0.6060606060606061,0.7728155339805824
0.6213592233009708,0.8742949234488315,0.8015267175572519,0.9360131255127153
0.7699115044247787,0.9388235294117647,0.8390092879256966,0.9494949494949495
0.5488069414316703,0.7959372114496768,0.6616052060737527,0.8814589665653495
0.6955503512880562,0.8603223330775134,0.8761904761904762,0.9207920792079208
0.703872437357631,0.8842105263157894,0.8211009174311926,0.9357495881383855
0.6,0.8571428571428572,0.7603686635944701,0.8951612903225806
0.5574468085106383,0.8283018867924528,0.7173913043478262,0.900952380952381
0.8602150537634409,0.9517446176688938,0.9313984168865436,0.9900076863950807
0.7065462753950339,0.9160613397901534,0.8239277652370203,0.9683698296836983
0.570754716981132,0.8462238398544131,0.675,0.8719785138764548
0.796875,0.9335604770017035,0.865979381443299,0.9767441860465116
0.7979274611398963,0.9370967741935484,0.8693467336683417,0.9788961038961039
0.8645833333333333,0.9814550641940085,0.9299191374663073,0.9908643710470836
0.8102189781021898,0.9406844106463879,0.8703241895261845,0.951310861423221
0.9388235294117647,0.9898832684824903,1.0,1.0
0.7045454545454546,0.8493377483443708,0.8812785388127854,0.9428320140721196
0.8106796116504854,0.912621359223301,0.8712871287128713,0.9235294117647059
0.6495956873315364,0.9168665067945644,0.7070422535211267,0.9279493269992083
0.7570093457943925,0.8917568692756037,0.8190255220417634,0.9324675324675324
0.4924078091106291,0.7648241206030151,0.7058823529411764,0.8536335721596725
0.5863636363636363,0.8122743682310469,0.8160377358490566,0.9233791748526522
0.9388235294117647,0.9593432369038312,0.9388235294117647,0.9593432369038312
0.6666666666666667,0.9130434782608696,0.7234042553191489,0.9247311827956989
0.6355140186915889,0.8811881188118812,0.6355140186915889,0.8811881188118812
0.6486486486486487,0.8046744574290484,0.8828828828828829,0.974155069582505
0.7380352644836272,0.9217540842648323,0.796875,0.9335604770017035
0.5497835497835498,0.761248852157943,0.6666666666666667,0.8507177033492823
0.6320754716981132,0.8144329896907216,0.755868544600939,0.865979381443299
0.7425742574257426,0.9039172209903917,0.8020304568527918,0.9147851420247632
0.6683673469387755,0.835931700074239,0.8712871287128713,0.9459684123025769
0.6470588235294117,0.8956289027653881,0.8169014084507042,0.9646418857660924
0.8147268408551069,0.9009314140558848,0.8785046728971962,0.9443016281062554
0.8151658767772512,0.9210526315789473,0.8767772511848341,0.9721030042918455
0.7305699481865284,0.907735982966643,0.8025316455696203,0.9432727272727273
0.7305699481865284,0.9626704953338119,0.7897574123989218,0.9723991507430998
0.711111111111111,0.8733392382639504,0.8839285714285714,0.9754253308128544
0.6955503512880562,0.8735632183908046,0.8142857142857143,0.9285714285714286
0.6413793103448275,0.9030654515327258,0.8138424821002386,0.9674185463659148
0.8169014084507042,0.9391575663026521,0.8169014084507042,0.9391575663026521
0.570754716981132,0.7939949958298582,0.6962616822429907,0.8493377483443709
0.8120481927710843,0.912751677852349,0.8767772511848342,0.950419527078566
0.6533333333333333,0.8686868686868687,0.7065462753950339,0.8815244407622204
0.7529691211401426,0.9303749043611323,0.7529691211401426,0.9303749043611323
0.6782178217821783,0.9411764705882353,0.6782178217821783,0.9411764705882353
0.6372093023255814,0.9233038348082596,0.6889952153110048,0.9369544131910766
0.7312661498708011,0.9358703312191684,0.8652849740932642,0.9815994338287332
0.625,0.8229954614220878,0.8156028368794326,0.9093725793958172
0.7065462753950338,0.9111870196413322,0.7630979498861048,0.9241034195162635
0.654867256637168,0.8395061728395061,0.8289473684210527,0.9335604770017035
0.6213592233009708,0.9043336058871627,0.6741854636591479,0.9160613397901534
0.6852300242130751,0.87973086627418,0.75,0.9198237885462555
0.7752161383285302,0.9401381427475057,0.7752161383285302,0.9401381427475057
0.6320754716981132,0.8811881188118812,0.6320754716981132,0.8811881188118812
0.6844660194174758,0.9202453987730062,0.74,0.9312169312169312
0.660574412532637,0.8620166793025019,0.7196765498652291,0.873218304576144
0.542713567839196,0.8631578947368421,0.59375,0.875
0.8231292517006803,0.9364303178484108,0.8804597701149426,0.9479583666933546
0.7226666666666667,0.9326424870466321,0.8492753623188406,0.9529326574945691
0.6578947368421053,0.8651685393258427,0.7130242825607064,0.8791208791208791
0.5398230088495576,0.7875816993464052,0.7149122807017544,0.8791208791208791
0.47415730337078654,0.7521842732327244,0.7603686635944701,0.8856640281442392
0.70917225950783,0.8461538461538461,0.9417040358744395,0.987906976744186
0.6320754716981132,0.7322654462242563,0.6897374701670644,0.7485779294653014
0.8645833333333334,0.953998584571833,0.8645833333333334,0.953998584571833
0.6430205949656751,0.845360824742268,0.7603686635944701,0.8951612903225806
0.9299191374663073,0.9637630662020906,0.9299191374663073,0.9637630662020906
0.5816091954022989,0.7311827956989247,0.7657657657657657,0.8521434820647419
0.7386934673366834,0.9015151515151515,0.806930693069307,0.9388714733542319
0.672544080604534,0.8702779757662152,0.8020304568527918,0.9155234657039711
0.9273743016759777,0.9565217391304348,1.0,1.0
0.6338028169014085,0.8514851485148515,0.7547169811320754,0.8998459167950693
0.856353591160221,0.9799382716049383,0.9250720461095101,0.9900839054157132
0.6355140186915887,0.8556891766882516,0.6889952153110048,0.8689275893675528
0.9255014326647565,0.9887054735013032,0.9255014326647565,0.9887054735013032
0.6372093023255814,0.8706467661691543,0.8177570093457944,0.9653333333333334
0.5777262180974478,0.851363236587511,0.7475728155339806,0.9177958446251129
0.6320754716981132,0.8526077097505669,0.7614678899082569,0.9272581934452439
0.74,0.8891595615103532,0.8631578947368421,0.9217809867629362
0.8211009174311926,0.9357495881383855,0.8787878787878788,0.9472830494728305
0.6026200873362445,0.8576242628475148,0.7694013303769401,0.9239766081871345
0.6983758700696056,0.9184313725490196,0.8755980861244019,0.9796397807361003
0.750599520383693,0.8682774746687452,0.8737864077669903,0.9169992019154031
0.7511961722488039,0.900611620795107,0.880184331797235,0.9793650793650793
0.6548672566371682,0.8379052369077307,0.8278145695364238,0.9319965126416739
0.6990740740740742,0.9084507042253521,0.8169014084507042,0.9646418857660924
0.7270341207349081,0.8442396313364056,0.7270341207349081,0.8442396313364056
0.6962616822429907,0.8593508500772797,0.8211009174311926,0.9357495881383855
0.6717171717171717,0.897196261682243,0.8010204081632653,0.9430656934306569
0.6897374701670644,0.8349514563106796,0.8173302107728337,0.9070691024622717
0.6148148148148147,0.762402088772846,0.8156028368794326,0.894878706199461
0.8074074074074074,0.9319965126416739,0.9345088161209067,0.9882352941176471
0.5828877005347592,0.8148148148148149,0.7234042553191489,0.9011943539630836
0.6213592233009708,0.8742949234488315,0.7432098765432098,0.9244813278008299
0.6303317535545024,0.8803680981595092,0.74,0.9028400597907325
0.6852300242130751,0.9108826049700086,0.6852300242130751,0.9108826049700086
0.5854214123006833,0.7894288150042625,0.8266666666666667,0.9308510638297872
0.6770186335403727,0.9039070749736009,0.7442622950819673,0.9179810725552051
0.6213592233009708,0.8592057761732852,0.7925531914893617,0.8969162995594714
0.5835240274599542,0.838884585592564,0.7657657657657657,0.9274900398406375
0.5973451327433629,0.8508384819064431,0.70917225950783,0.9057116953762466
0.5955555555555555,0.825503355704698,0.6486486486486487,0.8387096774193549
0.7149122807017544,0.8791208791208791,0.8289473684210527,0.9335604770017035
0.6571428571428571,0.8302872062663186,0.8841870824053453,0.9409627611262489
0.6733668341708543,0.87,0.8115942028985508,0.9416167664670658
0.5497835497835498,0.8997107039537127,0.6438356164383562,0.9267605633802817
0.7547169811320754,0.8998459167950693,0.7547169811320754,0.8998459167950693
0.6919431279620853,0.9137645107794361,0.7469586374695864,0.9255928045789044
0.5071090047393365,0.8093183779119931,0.8,0.926829268292683
0.8106796116504854,0.9418777943368107,0.8709677419354839,0.9523809523809523
0.6213592233009708,0.8742949234488315,0.8693467336683417,0.9777587681779298
0.8731707317073171,0.9796397807361003,0.8731707317073171,0.9796397807361003
0.8202764976958525,0.8677966101694915,0.880184331797235,0.9081272084805654
0.4104308390022675,0.754228855721393,0.6176470588235294,0.8378378378378378
0.7936507936507937,0.8925619834710744,0.8652849740932642,0.9267605633802817
0.6397228637413395,0.8477751756440282,0.8793503480278422,0.9482895783611774
0.7662921348314606,0.9248554913294798,0.8270509977827051,0.967032967032967
0.7989690721649485,0.967032967032967,0.8609625668449198,0.9782608695652174
0.7963446475195822,0.9700690713737529,0.8586956521739131,0.9802731411229135
0.745721271393643,0.9259560618388935,0.8706467661691543,0.9782062028499581
0.9263456090651558,0.9902475618904726,0.9263456090651558,0.9902475618904726
0.7386934673366834,0.8891730605285593,0.7386934673366834,0.8891730605285593
0.7155361050328228,0.8735632183908046,0.8852097130242825,0.9428320140721196
0.5336322869955157,0.7849462365591398,0.8173302107728337,0.898349261511729
0.606060606060606,0.8268590455049944,0.7204301075268817,0.856985698569857
0.6542553191489362,0.8584758942457231,0.8531073446327684,0.9169329073482428
0.3939393939393939,0.7890691716481639,0.6733668341708543,0.9047619047619048
0.6844660194174758,0.8932038834951457,0.7529691211401426,0.9306930693069306
0.7346938775510203,0.8994586233565351,1.0,1.0
0.7438423645320198,0.9049707602339181,0.8115942028985508,0.9416167664670658
0.7425742574257426,0.8754605747973471,0.87,0.9219804951237809
0.7903225806451613,0.9181245626312107,0.8555555555555556,0.9281767955801105
0.5760869565217391,0.8650519031141868,0.8395061728395061,0.9415992812219227
0.7346938775510203,0.8994586233565351,0.8649350649350649,0.9482895783611774
0.3319057815845824,0.7775061124694377,0.5031847133757963,0.8667805294619984
0.9351620947630923,0.98973954222573,0.9351620947630923,0.98973954222573
0.7552941176470589,0.9303749043611323,0.8198614318706697,0.9694117647058823
0.6962616822429907,0.8593508500772797,0.8211009174311926,0.9357495881383855
0.8631578947368421,0.9787234042553191,0.8631578947368421,0.9787234042553191
0.6303317535545023,0.8505747126436782,0.8743961352657005,0.9482895783611774
0.6904761904761905,0.8828828828828829,0.7463414634146341,0.8948220064724919
0.6176470588235294,0.8857142857142857,0.6176470588235294,0.8857142857142857
0.7277486910994765,0.9068767908309455,0.8624338624338624,0.9527272727272728
0.6790123456790124,0.8737864077669903,0.6790123456790124,0.8737864077669903
0.8015267175572519,0.9360131255127153,0.8693467336683417,0.9777587681779298
0.7614678899082569,0.8969072164948454,0.8231292517006803,0.9364303178484108
0.8102189781021898,0.9010989010989011,0.9356435643564356,0.9545454545454546
0.6320754716981132,0.8798151001540832,0.7004608294930876,0.918622848200313
0.8755980861244019,0.9501151189562548,1.0,1.0
0.7098214285714286,0.8529886914378029,0.8289473684210527,0.9335604770017035
0.570754716981132,0.8622656886715566,0.6363636363636364,0.9005947323704333
0.6050632911392405,0.8505747126436781,0.731958762886598,0.8975571315996848
0.7603686635944701,0.9278350515463918,0.9386792452830188,0.98973954222573
0.5568181818181819,0.7505330490405118,0.7592592592592592,0.8194444444444444
0.7529691211401426,0.9303749043611323,0.8703241895261845,0.9517446176688938
0.5315315315315315,0.7417876241405652,0.7058823529411764,0.8222043443282381
0.7541371158392435,0.9306930693069306,0.8190255220417634,0.9695550351288056
0.8624338624338624,0.9395348837209302,0.8624338624338624,0.9395348837209302
0.7535545023696683,0.9544259421560035,0.8693467336683417,0.9777587681779298
0.6821515892420538,0.8768303186907838,0.8054862842892768,0.9302949061662198
0.5844748858447488,0.7831431079894644,0.7065462753950339,0.841876629018245
0.8078817733990148,0.9122280570142536,0.87,0.9235294117647059
0.6285714285714286,0.9073634204275535,0.7360406091370559,0.9297297297297298
0.8059701492537313,0.9080911233307148,0.8059701492537313,0.9080911233307148
0.6320754716981132,0.8811881188118812,0.8102189781021898,0.9406844106463879
0.7004608294930876,0.8589147286821706,0.7004608294930876,0.8589147286821706
0.8010204081632653,0.9158878504672897,0.9338422391857506,0.9626168224299065
0.8235294117647058,0.9052631578947369,0.8235294117647058,0.9052631578947369
0.5185185185185186,0.7511045655375552,0.8169014084507042,0.8761904761904762
0.6397228637413395,0.904019688269073,0.6955503512880561,0.9168665067945644
0.8074074074074074,0.9319965126416739,0.868020304568528,0.9439171699741156
0.579676674364896,0.8393822393822394,0.7636363636363637,0.9277204130262113
0.42926829268292677,0.7425742574257426,0.6312056737588653,0.8389760528488852
0.7952755905511811,0.8854064642507345,1.0,1.0
0.868020304568528,0.9439171699741156,0.868020304568528,0.9439171699741156
0.6941176470588235,0.8540497193263834,0.9389671361502347,0.9884444444444445
0.8115942028985508,0.9669211195928753,0.8706467661691543,0.9782062028499581
0.8719211822660099,0.9727177334732424,0.9343434343434344,0.9865005192107996
0.8025316455696203,0.9715536105032823,0.929539295392954,0.9907997169143666
0.5398230088495576,0.7833333333333333,0.5919282511210762,0.7970419063270336
0.6138613861386139,0.7962382445141065,0.7958115183246073,0.8698553948832035
0.6829268292682926,0.8522727272727273,0.8770685579196217,0.9471974004874086
0.7226666666666667,0.9331373989713446,0.8594594594594595,0.9805534779356769
0.7463414634146341,0.8690835850956697,0.9335038363171355,0.9450897571277719
0.8035264483627205,0.96826688364524,0.8645833333333334,0.9791164658634538
0.8129496402877698,0.941747572815534,0.8129496402877698,0.941747572815534
0.8841870824053453,0.9409627611262489,0.8841870824053453,0.9409627611262489
0.8823529411764706,0.9784232365145228,0.9406392694063928,0.9894566098945661
0.8102189781021898,0.9010989010989011,0.87409200968523,0.9425287356321839
0.6897374701670644,0.8349514563106796,0.7541371158392435,0.8698999230177059
0.8676844783715012,0.9497293116782676,0.9348370927318296,0.9895916733386709
0.8129496402877697,0.9305431878895815,0.9385342789598109,0.9886064855390009
0.6517857142857144,0.8395061728395061,0.7065462753950339,0.8526315789473684
0.7018348623853211,0.8813278008298755,0.8770685579196217,0.945424013434089
0.7425742574257426,0.9037037037037037,0.8115942028985508,0.9413533834586466
0.699074074074074,0.8258471237194641,0.8812785388127854,0.9428320140721196
0.7450980392156863,0.9045521292217328,0.8773584905660378,0.9799691833590138
0.7652370203160271,0.8613617719442166,0.9420935412026726,0.9882988298829883
0.6875,0.8478260869565217,0.7511961722488039,0.8863636363636364
0.8115942028985508,0.9669211195928753,0.9333333333333333,0.9892294946147473
0.5760869565217391,0.867007672634271,0.7094972067039107,0.9191111111111111
0.8120481927710843,0.9704321455648218,0.8120481927710843,0.9704321455648218
0.5816091954022988,0.7715078630897317,0.8129496402877698,0.8804902962206334
0.6563876651982379,0.8544776119402985,0.7657657657657658,0.8820326678765881
0.5472636815920398,0.8354430379746836,0.8598382749326146,0.9451476793248945
0.5128805620608899,0.888715953307393,0.5128805620608899,0.888715953307393
0.6329411764705882,0.8351648351648352,0.7575757575757576,0.9156626506024097
0.7442622950819673,0.9179810725552051,0.7442622950819673,0.9179810725552051
0.48115299334811534,0.7362637362637362,0.6478555304740407,0.8206071757129715
0.5835240274599542,0.8858647936786654,0.6976744186046512,0.9410698096101541
0.6462585034013605,0.9058728881737731,0.8755980861244019,0.9794466403162055
0.8235294117647058,0.8686868686868687,0.8828828828828829,0.9103448275862069
0.8106796116504854,0.9418777943368107,0.9367396593673966,0.9902475618904726
0.8102189781021898,0.9010989010989011,0.87409200968523,0.9425287356321839
0.8652849740932642,0.9815994338287332,0.8652849740932642,0.9815994338287332
0.7305699481865284,0.9087719298245613,0.8645833333333334,0.953998584571833
0.7018348623853211,0.8544,0.8796296296296297,0.9177215189873418
0.6578947368421053,0.8597122302158273,0.7161572052401746,0.9026217228464419
0.806930693069307,0.9388714733542319,0.8731707317073171,0.9788961038961039
0.5151515151515151,0.7924882629107981,0.6185819070904646,0.8202764976958525
0.7386934673366834,0.9307984790874525,1.0,1.0
0.8631578947368421,0.9787234042553191,0.9289617486338798,0.9894736842105263
0.8343949044585988,0.9754020813623463,0.8343949044585988,0.9754020813623463
0.613861386138614,0.8862973760932945,0.7914438502673796,0.9191430545957152
0.5294117647058824,0.7683965917893106,0.8828828828828829,0.9448685326547922
0.7386934673366834,0.9015151515151515,0.8676844783715012,0.9497293116782676
0.7603686635944701,0.8666140489344909,0.8818181818181818,0.945424013434089
0.7123893805309736,0.8169014084507042,0.7699115044247788,0.8325074331020812
0.8074074074074074,0.9228486646884273,0.8683544303797468,0.9363369245837414
0.7699115044247787,0.8880275624461671,0.8864628820960698,0.9763851044504995
0.6578947368421053,0.8651685393258427,0.8262806236080178,0.9327006039689387
0.5418502202643172,0.7870597870597871,0.7688888888888888,0.890295358649789
0.7438423645320197,0.9614529280948851,0.7438423645320197,0.9614529280948851
0.6616052060737527,0.8963684676705048,0.7136563876651982,0.9094076655052264
0.7425742574257426,0.9047619047619048,0.7425742574257426,0.9047619047619048
0.7523809523809524,0.9013657056145675,1.0,1.0
0.6569920844327177,0.8958958958958959,0.7777777777777778,0.9231527093596059
0.7941952506596306,0.9655172413793104,0.8571428571428571,0.9772129710780018
0.6683673469387755,0.8311688311688312,0.9297297297297298,0.946058091286307
0.6176470588235294,0.826538176426983,0.6852300242130751,0.8607498087222647
0.8156028368794326,0.9378486055776892,0.9358024691358025,0.959721146398141
0.5297157622739017,0.7396745932415518,0.7827298050139275,0.8809160305343512
0.7529691211401426,0.9290724863600935,0.8755980861244019,0.9794466403162055
0.7863013698630137,0.9440860215053763,0.9277777777777778,0.9905178701677607
0.6836982968369829,0.835931700074239,0.8156028368794326,0.9093725793958172
0.8120481927710843,0.962962962962963,0.8712871287128713,0.9755868544600939
1.0,1.0,1.0,1.0
0.7523809523809524,0.8888888888888888,0.8151658767772512,0.9302325581395349
0.5851063829787235,0.870539419087137,0.8539325842696629,0.9765554553651938
0.6821515892420538,0.8902532617037605,0.7386934673366834,0.9015151515151515
0.22477064220183507,0.5376569037656904,0.42926829268292677,0.6255144032921811
0.8712871287128713,0.9235294117647059,0.8712871287128713,0.9235294117647059
0.6422018348623852,0.8604651162790697,0.8142857142857143,0.9285714285714286
0.7678571428571428,0.9170212765957447,0.9195046439628483,0.9851767388825542
0.717391304347826,0.9019607843137255,0.8631578947368421,0.9787234042553191
0.5844748858447488,0.842203548085901,0.7517899761336515,0.9119070667957405
0.8020304568527918,0.9155234657039711,1.0,1.0
0.5645933014354068,0.8182487122884474,0.6976744186046512,0.8888888888888888
0.6782178217821782,0.8881939014855356,0.8035264483627205,0.9372485921158488
0.625,0.9058728881737731,0.8645833333333334,0.9791164658634538
0.7614678899082569,0.8969072164948454,0.8834080717488789,0.9782062028499581
0.7463414634146341,0.8948220064724919,0.8712871287128713,0.9459684123025769
0.865979381443299,0.9816643159379408,0.865979381443299,0.9816643159379408
0.6,0.8775510204081632,0.7880434782608696,0.9375
0.6782178217821783,0.9073083778966132,0.8575342465753424,0.9437229437229437
0.7425742574257426,0.9326424870466321,0.8010204081632653,0.9430656934306569
0.5891647855530475,0.8337330135891287,0.7058823529411764,0.8845843422114609
0.8005115089514067,0.9035449299258038,0.9345088161209067,0.9882352941176471
0.656084656084656,0.9195046439628483,0.7134986225895317,0.9303749043611323
0.7523809523809524,0.9588607594936709,0.7523809523809524,0.9588607594936709
0.7277486910994765,0.9068767908309455,0.8624338624338624,0.9527272727272728
0.42731277533039647,0.7634408602150538,0.6486486486486487,0.8642297650130548
0.6438356164383562,0.7700084245998315,0.825503355704698,0.8956289027653881
0.5117370892018779,0.801980198019802,0.7592592592592592,0.9244813278008299
0.7974025974025974,0.9144111192392099,0.7974025974025974,0.9144111192392099
0.8106796116504854,0.912621359223301,0.9365853658536585,0.9607250755287009
0.7897574123989218,0.9723991507430998,0.9237536656891495,0.9910529938059188
0.796875,0.9335604770017035,0.9306666666666666,0.9884853852967228
0.8129496402877698,0.9708302169035153,0.8725490196078431,0.9809523809523809
0.8106796116504854,0.9418777943368107,0.8709677419354839,0.9523809523809523
0.6,0.8385864374403056,0.7052154195011338,0.8669767441860465
0.7425742574257426,0.9047619047619048,0.9335038363171355,0.9619604974396488
0.654867256637168,0.8395061728395061,0.7699115044247788,0.8922056384742952
0.4372294372294373,0.6981757877280266,0.6043478260869566,0.7842794759825328
0.7523809523809524,0.9013657056145675,0.8755980861244019,0.9501151189562548
0.6454545454545455,0.8757961783439491,0.8186046511627907,0.9381933438985737
0.7647058823529411,0.8924731182795699,0.8223234624145785,0.9052631578947369
0.7547169811320754,0.8789571694599627,0.9375,0.986639260020555
0.6454545454545454,0.8766798418972332,0.70917225950783,0.9157894736842105
0.7547169811320754,0.8998459167950693,0.8186046511627907,0.9381933438985737
0.731958762886598,0.9630681818181819,0.731958762886598,0.9630681818181819
0.6422018348623852,0.8762886597938144,0.8785046728971962,0.9785655399835119
0.7277486910994765,0.9623461259956553,0.7277486910994765,0.9623461259956553
0.803030303030303,0.9439655172413793,0.8719211822660098,0.9809384164222874
0.48344370860927144,0.8247978436657681,0.6405529953917051,0.8919667590027701
0.59375,0.8923841059602649,0.7493975903614458,0.9277204130262113
0.6320754716981132,0.8342189160467588,0.748792270531401,0.8974069898534386
0.6462585034013605,0.904019688269073,0.7625570776255708,0.9567027477102414
0.6563876651982379,0.8662092624356775,0.8854625550660793,0.9773519163763066
0.6829268292682926,0.9193798449612403,0.8078817733990148,0.9692671394799054
0.7386934673366834,0.9304812834224598,0.8078817733990148,0.9692671394799054
0.6926713947990544,0.886417791898332,0.8173302107728337,0.9386309992132179
0.8531073446327684,0.9791833466773419,1.0,1.0
0.6889952153110048,0.851063829787234,0.87409200968523,0.9425287356321839
0.5946547884187081,0.827671913835957,0.8818181818181818,0.945424013434089
0.7529691211401426,0.8724528301886793,0.9388235294117647,0.9593432369038312
0.6700507614213198,0.8976377952755905,0.8645833333333334,0.9541930937279774
0.6962616822429906,0.8591331269349844,0.76036866359447,0.8971518987341772
0.6836982968369829,0.8652849740932642,0.9388235294117647,0.9898832684824903
0.6774193548387097,0.9173947577442414,0.8035264483627205,0.96826688364524
0.6867469879518072,0.885691446842526,0.8785046728971962,0.9791164658634538
0.7438423645320198,0.9334308705193856,0.9343434343434344,0.9906407487401008
0.6422018348623854,0.8746987951807229,0.8156028368794326,0.937046004842615
0.8712871287128713,0.9806114839671887,0.8712871287128713,0.9806114839671887
0.6867469879518073,0.8648849294729027,0.8120481927710843,0.912751677852349
0.8106796116504854,0.9123595505617977,0.8761904761904762,0.950419527078566
0.6867469879518072,0.885691446842526,0.8743961352657005,0.9497293116782676
0.6517857142857144,0.8718159408381265,0.7614678899082569,0.8969072164948454
0.7833333333333333,0.8718510405257394,1.0,1.0
0.6882494004796164,0.9223300970873787,0.8025316455696203,0.9436008676789588
0.6569920844327177,0.8958958958958959,0.7777777777777778,0.9231527093596059
0.9299191374663073,0.9637630662020906,0.9299191374663073,0.9637630662020906
0.5483870967741935,0.7823788546255507,0.7346938775510204,0.8717948717948718
0.8686868686868687,0.9800307219662059,0.8686868686868687,0.9800307219662059
0.7425742574257426,0.9039172209903917,0.8703241895261845,0.951310861423221
0.8598382749326146,0.9451476793248945,1.0,1.0
0.7248677248677249,0.9508041627246926,0.7851239669421488,0.9634489222118088
0.7450980392156863,0.8761904761904762,0.8761904761904762,0.9497293116782676
0.6962616822429906,0.9174603174603175,0.8737864077669903,0.9792
0.5478260869565217,0.7661870503597122,0.7198275862068966,0.8677150786308974
0.8181818181818181,0.9312775330396476,0.9402298850574713,0.9887250650477016
0.880184331797235,0.9793650793650793,0.880184331797235,0.9793650793650793
0.7360406091370558,0.9313207547169812,0.7979274611398963,0.9424778761061947
0.6533333333333333,0.8088235294117647,0.8852097130242825,0.9428320140721196
0.6997690531177829,0.8890612878200155,0.7636363636363637,0.9277204130262113
0.5367483296213807,0.8150627615062762,0.7167755991285403,0.9117896522476675
0.6267942583732058,0.8792569659442725,0.7529691211401426,0.930053804765565
0.7196765498652291,0.873218304576144,0.7925531914893617,0.9088074824629774
0.4901960784313726,0.8105263157894737,0.553648068669528,0.8489626556016597
0.7312661498708011,0.8812368236120871,0.8645833333333334,0.9259786476868328
0.8652849740932642,0.981638418079096,0.9306666666666666,0.990990990990991
0.7425742574257426,0.9053857350800583,1.0,1.0
0.8586956521739131,0.9516728624535316,0.931758530183727,0.9902621722846442
0.7018348623853211,0.8813278008298755,0.8770685579196217,0.945424013434089
0.4196428571428571,0.7380699893955461,0.6836982968369829,0.8433734939759037
0.6462585034013605,0.9067729083665339,0.8102189781021898,0.9406844106463879
0.7699115044247788,0.8844444444444445,0.9422222222222222,0.987724268177526
0.660574412532637,0.8482068390325271,0.7360406091370558,0.8910310142497905
0.5854214123006833,0.7939949958298582,0.7603686635944701,0.8831985624438454
0.6637931034482758,0.7991416309012875,0.7204301075268817,0.8390804597701149
0.6571428571428571,0.8329048843187661,0.9428571428571428,0.9881925522252498
0.6542553191489362,0.8888888888888888,0.8531073446327684,0.9484536082474226
0.6017505470459519,0.8554319931565441,0.7614678899082569,0.8939641109298532
0.6941176470588235,0.8705882352941177,0.7564402810304449,0.9135802469135803
0.6430205949656751,0.845360824742268,0.8173302107728337,0.9070691024622717
0.59375,0.736842105263158,0.7647058823529411,0.8433734939759037
0.6904761904761905,0.8828828828828829,0.8115942028985508,0.9343434343434344
0.6593886462882096,0.9022556390977443,0.7130242825607064,0.9152404237978811
0.6231884057971014,0.844,0.863517060367454,0.9320794148380356
0.7438423645320198,0.9331373989713446,0.8645833333333334,0.9537366548042705
0.6708860759493671,0.9028944911297853,0.9269662921348315,0.9874152952565344
0.6913946587537092,0.8041714947856315,0.8438438438438438,0.9085794655414908
0.6766169154228856,0.9464138499587799,0.7891891891891892,0.9684721099434115
0.6852300242130751,0.856353591160221,0.8125,0.9080911233307148
0.8010204081632653,0.9158878504672897,0.8010204081632653,0.9158878504672897
0.7625570776255708,0.8369905956112853,0.9414414414414415,0.9554794520547946
0.8818181818181818,0.9142621599340478,0.9413092550790068,0.9560439560439561
0.6758104738154613,0.8422555317630265,0.8120481927710843,0.912751677852349
0.6859903381642511,0.8655834564254062,0.9365853658536585,0.9607250755287009
0.8156028368794326,0.9093725793958172,1.0,1.0
0.6941176470588235,0.889745566692367,0.7592592592592592,0.9281767955801105
0.5550122249388754,0.8334975369458129,0.7897574123989218,0.9193381592554292
0.8755980861244019,0.9195046439628483,1.0,1.0
0.6774193548387097,0.8035555555555556,0.87,0.9307774227902024
0.40909090909090906,0.8158640226628895,0.6306818181818182,0.8976377952755905
0.6658097686375322,0.8838342810722989,0.803030303030303,0.9379968203497615
0.6052060737527114,0.8173836698858647,0.7763440860215054,0.9174977334542158
0.8120481927710843,0.912751677852349,0.9393939393939394,0.9898516783762685
0.6119402985074627,0.8827067669172932,0.8078817733990148,0.9692671394799054
0.7085201793721974,0.9147540983606557,0.7625570776255708,0.9266720386784851
0.6320754716981132,0.8245877061469266,0.8211009174311926,0.9357495881383855
0.6438356164383562,0.8166144200626959,0.7058823529411764,0.8536977491961415
0.8111380145278451,0.941747572815534,0.8111380145278451,0.941747572815534
0.7886178861788617,0.9181245626312107,0.8631578947368421,0.9538024164889837
0.7219251336898396,0.9234650967199327,0.8488372093023255,0.946236559139785
0.74,0.9318352059925094,0.74,0.9318352059925094
0.7031963470319635,0.9435273675065161,0.8706467661691543,0.9782062028499581
0.6320754716981132,0.9089494163424124,0.8088235294117647,0.9696024941543258
0.7058823529411764,0.8222043443282381,0.8818181818181818,0.9116397621070518
0.6388888888888888,0.8108326596604689,0.8785046728971962,0.9409627611262489
0.59375,0.8934426229508197,0.7564402810304449,0.9303749043611323
0.6683673469387755,0.8665689149560117,0.806930693069307,0.9388714733542319
0.7277486910994764,0.8809523809523809,0.8602150537634409,0.9375600384245918
0.5336322869955157,0.7886178861788617,0.7058823529411764,0.8536977491961415
0.7277486910994765,0.9263157894736842,0.7277486910994765,0.9263157894736842
0.592841163310962,0.83266291230893,0.6462585034013605,0.8458498023715415
0.8125,0.95864262990456,0.8719211822660099,0.9727177334732424
0.8106796116504854,0.912621359223301,0.8755980861244019,0.9501151189562548
0.8693467336683417,0.9805970149253731,0.8693467336683417,0.9805970149253731
0.7360406091370559,0.9297297297297298,0.9306666666666666,0.9898516783762685
0.7652370203160271,0.8592839300582847,0.9417040358744395,0.987906976744186
0.6285714285714286,0.813753581661891,0.6836982968369829,0.8274881516587678
0.49350649350649345,0.7142857142857143,0.5991189427312775,0.7441860465116279
0.7603686635944701,0.8924731182795699,0.9399538106235565,0.9578947368421052
0.8755980861244019,0.9501151189562548,0.8755980861244019,0.9501151189562548
0.8092909535452323,0.9099307159353349,0.8743961352657005,0.9482895783611774
0.5900900900900901,0.832258064516129,0.7636363636363637,0.8969889064976229
0.8761904761904762,0.9497293116782676,0.9389671361502347,0.9896579156722355
0.8173302107728337,0.9070691024622717,0.9402298850574713,0.9889737065309584
0.8186046511627907,0.9088074824629774,0.8186046511627907,0.9088074824629774
0.7552941176470589,0.9306930693069306,0.8779342723004695,0.9801980198019802
0.8181818181818181,0.9092319627618308,0.8181818181818181,0.9092319627618308
0.6630669546436285,0.7640449438202248,0.7734204793028322,0.8419083255378859
0.7463414634146341,0.8985167837626854,0.8785046728971962,0.9791164658634538
0.7777777777777778,0.8399452804377565,0.7777777777777778,0.8399452804377565
0.6129032258064516,0.9116981132075471,0.6658097686375322,0.9225614296351452
0.7463414634146341,0.961764705882353,0.8035264483627205,0.9717595944967415
0.7603686635944701,0.8951612903225806,0.8823529411764706,0.9775862068965517
0.5697399527186761,0.8121047877145438,0.6859903381642511,0.8649669499527857
0.6533333333333333,0.8088235294117647,0.7123893805309736,0.8468013468013468
0.5900900900900901,0.8890784982935154,0.7570093457943925,0.955249569707401
0.7085201793721974,0.8746713409290097,0.7085201793721974,0.8746713409290097
0.9207317073170732,0.9876072449952336,0.9207317073170732,0.9876072449952336
0.40609137055837563,0.75,0.5737704918032787,0.8206896551724138
0.7886178861788617,0.9447200566973778,0.9237536656891495,0.9640635798203179
0.8215102974828375,0.9048006509357202,0.9413092550790068,0.9887250650477016
0.6882494004796164,0.8022813688212928,0.9382422802850356,0.9533632286995516
0.6632124352331606,0.8465430016863407,0.8624338624338624,0.9395348837209302
0.5229357798165137,0.8499587798845837,0.8015267175572519,0.9360131255127153
1.0,1.0,1.0,1.0
0.5900900900900902,0.7704654895666132,0.7657657657657658,0.8820326678765881
0.7683741648106903,0.9210754553339116,0.7683741648106903,0.9210754553339116
0.6955503512880562,0.8853247794707297,0.7511961722488039,0.8972332015810277
0.755868544600939,0.9602750190985485,0.755868544600939,0.9602750190985485
0.4360086767895879,0.7243426632739609,0.7694013303769401,0.9105211406096362
0.731958762886598,0.9630681818181819,0.7914438502673797,0.9727463312368972
0.5517241379310345,0.8497777777777777,0.6020408163265306,0.8623124448367167
0.4374999999999999,0.699228791773779,0.6338028169014085,0.7984496124031009
0.7523809523809524,0.9193976970770593,0.8160377358490566,0.9639222941720629
0.7380352644836272,0.86512370311253,0.8074074074074074,0.9054163298302345
0.4050343249427917,0.736842105263158,0.6941176470588235,0.8705882352941177
0.61,0.8675721561969439,0.9295392953929539,0.9881710646041856
0.8025316455696203,0.9436008676789588,0.8645833333333334,0.9537366548042705
0.7529691211401425,0.931008339651251,0.8709677419354839,0.9523809523809523
0.7592592592592593,0.9276054097056483,0.880184331797235,0.9793650793650793
0.8142857142857143,0.910958904109589,0.9367396593673966,0.9842424242424243
0.5806451612903226,0.8692962103634958,0.7425742574257426,0.9039172209903917
0.9379474940334129,0.9893004115226337,0.9379474940334129,0.9893004115226337
0.6138613861386137,0.8999144568006844,0.8571428571428571,0.9772129710780018
0.7664670658682635,0.8735135135135135,0.91875,0.9392523364485982
0.8452380952380952,0.9447748513169074,0.9237536656891495,0.9883824843610366
0.5357142857142857,0.735317149569303,0.6563876651982379,0.8077239112571898
0.7603686635944701,0.9278350515463918,0.8755980861244019,0.9501151189562548
0.9343434343434344,0.9580645161290322,1.0,1.0
0.7535545023696683,0.900611620795107,0.8761904761904762,0.9497293116782676
0.5377777777777777,0.7891321978913219,0.7117516629711752,0.8785046728971962
0.505938242280285,0.7676767676767677,0.8142857142857143,0.9285714285714286
0.5204918032786885,0.8937329700272479,0.6111111111111112,0.9202453987730062
0.8078817733990148,0.9397217928902628,0.8078817733990148,0.9397217928902628
0.8492753623188406,0.9386213408876298,0.9252873563218391,0.9869608826479438
0.5140186915887851,0.8606431852986217,0.6844660194174758,0.9202453987730062
0.6195121951219511,0.7585139318885449,0.8054862842892768,0.8988326848249028
0.8054862842892768,0.964769647696477,0.865979381443299,0.9767441860465116
0.6320754716981132,0.8789759503491078,0.6859903381642511,0.8907563025210083
0.7004608294930876,0.9486977111286503,0.7004608294930876,0.9486977111286503
0.7004608294930876,0.9483717235901509,0.8097560975609757,0.9699306090979183
0.6875,0.9225037257824144,0.7438423645320198,0.9334308705193856
0.8215102974828375,0.9669211195928753,0.8785046728971962,0.9782790309106099
0.6548672566371682,0.8671209540034072,0.8278145695364238,0.9649595687331537
0.6596858638743456,0.865979381443299,0.7880434782608696,0.8898305084745763
0.5398230088495575,0.8404907975460123,0.6486486486486487,0.8696741854636592
0.7796610169491526,0.9669771380186283,0.7796610169491526,0.9669771380186283
0.5547945205479452,0.8395061728395061,0.717391304347826,0.9044117647058824
0.5844748858447488,0.8325281803542673,0.76036866359447,0.8971518987341772
0.6941176470588235,0.889745566692367,0.8755980861244019,0.9505703422053232
0.7587006960556845,0.9238493723849373,0.9395348837209302,0.9894222945484134
0.5816091954022988,0.7721115537848606,0.9413092550790068,0.9560439560439561
0.7312661498708011,0.8812368236120871,0.8703241895261845,0.9517446176688938
0.6069114470842334,0.7756584922797457,0.6623376623376623,0.8151658767772512
0.5635491606714629,0.8187820983125459,0.7425742574257426,0.8754605747973471
0.5603864734299517,0.8144252441773103,0.6303317535545023,0.8508033664881408
0.7592592592592593,0.8975571315996848,0.8793503480278422,0.9482895783611774
0.7346938775510204,0.8717948717948718,0.931758530183727,0.9854423292273237
0.8712871287128713,0.9808400884303611,0.9338422391857506,0.990572878897752
0.5656324582338901,0.8749074759437454,0.7305699481865284,0.908256880733945
0.7625570776255708,0.957131079967024,0.7625570776255708,0.957131079967024
0.5828877005347592,0.8293963254593175,0.8083538083538083,0.9653333333333334
0.8559556786703602,0.9554489376285127,0.9299191374663073,0.9908643710470836
0.7511961722488039,0.8180839612486545,0.8725490196078431,0.8807339449541285
0.6774193548387097,0.8385093167701863,0.8719211822660099,0.9727177334732424
0.5458515283842795,0.8488372093023255,0.7004608294930875,0.8871349644830308
0.6454545454545455,0.8302872062663186,0.7052154195011338,0.8698817106460419
0.7547169811320754,0.9224211423699915,0.8115942028985508,0.9343434343434344
0.7058823529411764,0.8577114427860697,0.8206896551724138,0.9190031152647975
0.6852300242130751,0.8624338624338624,0.6852300242130751,0.8624338624338624
0.6176470588235294,0.8300653594771241,0.7450980392156863,0.8767323121808899
0.6129032258064516,0.8552338530066815,0.8676844783715012,0.9497293116782676
0.7652370203160271,0.9238493723849373,0.8818181818181818,0.9778534923339012
0.9304812834224598,0.9909784871616932,0.9304812834224598,0.9909784871616932
0.505938242280285,0.7739984882842026,0.703872437357631,0.8845843422114609
0.6897374701670644,0.9220973782771535,0.6897374701670644,0.9220973782771535
0.579676674364896,0.8698999230177059,0.8115942028985508,0.9416167664670658
0.74,0.9318352059925094,0.8010204081632653,0.9428989751098097
0.6955503512880562,0.8867775138558986,0.7511961722488039,0.8985167837626854
0.5645933014354068,0.8737864077669903,0.7277486910994765,0.9068767908309455
0.675,0.8860557768924303,0.8015267175572519,0.9360131255127153
0.7373737373737375,0.9545454545454546,0.7958115183246073,0.9662921348314607
0.6303317535545024,0.8227272727272728,0.8227272727272728,0.9368932038834952
0.7263157894736842,0.8943089430894309,0.8531073446327684,0.9169329073482428
0.6397228637413395,0.8477751756440282,0.8793503480278422,0.9482895783611774
0.4628099173553718,0.7764705882352941,0.6231884057971014,0.8505747126436781
0.755868544600939,0.8564146134239592,0.755868544600939,0.8564146134239592
0.2777777777777778,0.6694011484823625,0.5497835497835498,0.8028545941123997
0.6533333333333333,0.8064516129032258,0.8278145695364238,0.9279778393351801
0.6144067796610169,0.7788719785138765,0.7245762711864407,0.8621022179363549
0.7346938775510203,0.8994586233565351,0.8035264483627205,0.9372485921158488
0.6405529953917051,0.9404125286478228,0.7463414634146341,0.9616801768607222
0.7078651685393258,0.8791208791208791,0.7688888888888888,0.9213483146067416
0.8602150537634409,0.9527959331880901,0.9285714285714286,0.9630681818181818
0.6397228637413395,0.8477751756440282,0.7592592592592593,0.8975571315996848
0.8429003021148036,0.9341438703140831,0.9219219219219219,0.985854189336235
0.5438596491228069,0.7476793248945148,0.6593886462882096,0.8254252461951657
0.7004608294930876,0.7962382445141066,0.880184331797235,0.9081272084805654
0.7360406091370558,0.9536128456735058,0.9255014326647565,0.9887054735013032
0.6875,0.8635682158920539,0.8194444444444444,0.9393468118195957
0.6157635467980296,0.8547486033519553,0.796875,0.9244186046511628
0.6955503512880562,0.8853247794707297,0.7592592592592592,0.9244813278008299
0.6355140186915887,0.7967237527922562,1.0,1.0
0.6355140186915887,0.8556891766882516,0.7517899761336515,0.9119070667957405
0.6517857142857144,0.8718159408381265,0.8834080717488789,0.9782062028499581
0.8,0.926829268292683,1.0,1.0
0.6020408163265306,0.9198355601233299,0.6551724137931034,0.9338758901322483
0.7688888888888888,0.8779342723004695,0.9413092550790068,0.950523311132255
0.625,0.8071216617210683,0.8686868686868687,0.9280177187153931
0.5816091954022988,0.8692962103634958,0.7117516629711752,0.9471114727420668
0.8088235294117647,0.9696024941543258,0.8088235294117647,0.9696024941543258
0.6176470588235294,0.8305575669804489,0.8743961352657005,0.9489395129615082
0.9395348837209302,0.9556313993174061,1.0,1.0
0.6666666666666667,0.8941176470588236,0.7739130434782608,0.9209383145091226
0.6889952153110048,0.8807339449541285,0.7535545023696683,0.9209383145091226
0.4620689655172413,0.7966985230234578,0.6790123456790124,0.8737864077669903
0.5645933014354068,0.8047430830039526,0.6329411764705882,0.8431214802896219
0.6312056737588653,0.8314606741573034,0.6941176470588235,0.8705882352941177
0.723404255319149,0.9073083778966132,0.8340425531914893,0.9649595687331536
0.6962616822429906,0.9465899753492194,0.75,0.9579288025889968
0.5021276595744681,0.8671209540034072,0.7065462753950339,0.9449618966977138
0.6303317535545024,0.8227272727272728,0.8227272727272728,0.9368932038834952
0.6805896805896805,0.8429680759275238,0.8040201005025126,0.8946894689468947
0.6563876651982379,0.7723102585487907,0.8844444444444445,0.9359605911330049
0.70917225950783,0.8224899598393575,0.9428571428571428,0.9881925522252498
0.5964523281596452,0.8315789473684211,0.776824034334764,0.9541041482789056
0.5560975609756098,0.8686868686868687,0.8555555555555555,0.9494949494949495
0.5398230088495576,0.7833333333333333,0.7058823529411764,0.8470588235294118
0.6889952153110048,0.851063829787234,0.9373493975903614,0.9879518072289156
0.6717171717171717,0.8838342810722989,0.7994858611825193,0.9347280334728033
0.7652370203160271,0.8592839300582847,0.8223234624145785,0.8720262510254306
0.6204379562043796,0.9146608315098468,0.792,0.9459459459459459
0.7078651685393258,0.8585774058577406,0.8571428571428571,0.9151020408163265
0.5767441860465116,0.8095605242868157,0.6303317535545023,0.8217821782178218
0.7587006960556845,0.8439519852262234,0.8186046511627907,0.8862973760932945
0.8793503480278422,0.9466776045939295,0.8793503480278422,0.9466776045939295
0.7360406091370559,0.8164165931156222,0.8673469387755102,0.8969276511397424
0.7547169811320754,0.9224211423699915,0.9362745098039216,0.9887445887445887
0.5478260869565217,0.8370635631154879,0.7630979498861048,0.9186773905272565
0.5304740406320541,0.8089887640449438,0.7031963470319635,0.9024390243902439
0.7062146892655368,0.8965791567223548,0.7062146892655368,0.8965791567223548
0.6129032258064516,0.9116981132075471,0.7226666666666667,0.9331373989713446
0.7570093457943925,0.8959167333867094,0.8823529411764706,0.9784232365145228
0.7511961722488039,0.899768696993061,0.9358024691358025,0.959721146398141
0.59375,0.8738884397736459,0.7360406091370558,0.9536128456735058
0.7062146892655368,0.8965791567223548,0.9209726443768997,0.9573420836751436
0.7629179331306991,0.8890995260663507,0.7629179331306991,0.8890995260663507
0.5408388520971302,0.8172043010752688,0.7136563876651982,0.9094076655052264
0.6836982968369829,0.835931700074239,1.0,1.0
0.6157635467980296,0.8861313868613139,0.6875,0.9225037257824144
0.5185185185185186,0.8525121555915721,0.6962616822429906,0.9182389937106918
0.7517899761336515,0.8373435996150145,0.9362745098039216,0.9439655172413793
0.8631578947368421,0.9151020408163265,1.0,1.0
0.5297157622739018,0.8013371537726839,0.6398891966759002,0.8281397544853636
0.5760869565217391,0.8650519031141868,0.8488372093023255,0.9750479846449136
0.8156028368794326,0.937046004842615,0.9379474940334129,0.9893004115226337
0.8594594594594595,0.9805534779356769,0.8594594594594595,0.9805534779356769
0.9275766016713092,0.9856670341786108,1.0,1.0
0.7058823529411764,0.8845843422114609,0.7614678899082569,0.8969072164948454
0.6213592233009708,0.8592057761732852,0.8624338624338624,0.9395348837209302
0.6640826873385013,0.8644825018615041,0.8649350649350649,0.9482895783611774
0.8010204081632653,0.9158878504672897,1.0,1.0
0.6462585034013605,0.9058728881737731,0.6462585034013605,0.9058728881737731
0.7305699481865284,0.9084507042253521,0.7925531914893618,0.9190311418685121
0.7570093457943925,0.8973143759873617,0.8156028368794326,0.9093725793958172
0.5910112359550561,0.7742699289660615,0.8243243243243243,0.8990509059534081
0.6983758700696056,0.9191919191919192,0.7529691211401426,0.9303749043611323
0.5458515283842795,0.7249796582587469,0.8270509977827051,0.8897266729500471
0.6267942583732058,0.9184952978056427,0.6782178217821782,0.9326424870466321
0.7493975903614458,0.9277204130262113,0.806930693069307,0.9388714733542319
0.5787037037037037,0.8402457757296466,0.7535545023696683,0.900611620795107
0.6859903381642511,0.921092564491654,0.8,0.9424778761061947
0.6805896805896805,0.7984496124031008,0.803030303030303,0.8612099644128114
0.6020408163265306,0.8223234624145785,0.6758104738154613,0.8598922247882987
0.8059701492537313,0.9080911233307148,0.8059701492537313,0.9080911233307148
0.803030303030303,0.9158878504672897,0.8716049382716049,0.9523809523809523
0.731958762886598,0.8975571315996848,0.7925531914893617,0.9088074824629774
0.7547169811320754,0.9224211423699915,0.8712871287128713,0.9459684123025769
0.577922077922078,0.7796610169491526,0.7310344827586206,0.8612099644128114
0.9365853658536585,0.9902912621359223,1.0,1.0
0.8293216630196937,0.9645776566757494,0.8849557522123894,0.9768064228367529
0.74,0.9028400597907325,0.8683544303797468,0.950419527078566
0.613861386138614,0.8981723237597912,0.6666666666666667,0.9154746423927178
0.8156028368794326,0.937046004842615,0.8156028368794326,0.937046004842615
0.6875,0.8645833333333334,0.8177570093457944,0.9386792452830188
0.7065462753950339,0.8526315789473684,0.8231292517006803,0.903861955628595
0.6990740740740742,0.9084507042253521,0.8169014084507042,0.9646418857660924
0.6955503512880562,0.8853247794707297,0.8156028368794326,0.9362224039247752
0.7547169811320754,0.8404907975460123,0.8169014084507042,0.8761904761904762
0.7196765498652291,0.873218304576144,0.7925531914893617,0.9088074824629774
0.7028571428571428,0.9516728624535316,0.8354430379746836,0.9762340036563071
0.6962616822429906,0.8591331269349844,0.9410430839002267,0.9894566098945661
0.6571428571428571,0.7615720524017466,0.9410430839002267,0.9457768508863399
0.6813725490196079,0.9202453987730062,0.8106796116504854,0.9704321455648218
0.8074074074074074,0.9228486646884273,0.8719211822660099,0.9727177334732424
0.6571428571428571,0.8961845607808341,0.8190255220417634,0.9336170212765957
0.8854625550660793,0.9764492753623188,0.8854625550660793,0.9764492753623188
0.7018348623853211,0.888715953307393,0.8274336283185841,0.9684721099434115
0.37799043062200943,0.7477017364657814,0.7758620689655172,0.908235294117647
0.5483870967741935,0.8950766747376917,0.6050632911392405,0.908235294117647
0.6733668341708543,0.924963924963925,0.8551532033426184,0.9551414768806074
0.7897574123989218,0.9723991507430998,0.8539325842696629,0.9818562456385206
0.7592592592592593,0.8975571315996848,0.7592592592592593,0.8975571315996848
0.6438356164383562,0.7866909753874203,0.7025171624713958,0.825503355704698
0.6080402010050251,0.8351648351648352,0.7523809523809524,0.9222886421861657
0.7291666666666666,0.8955823293172691,0.7291666666666666,0.8955823293172691
0.758139534883721,0.8075855689176689,0.8173302107728337,0.8475073313782991
0.6852300242130751,0.8624338624338624,0.9379474940334129,0.9893004115226337
0.7117516629711752,0.8440445586975149,0.8841870824053453,0.9409627611262489
0.7547169811320754,0.9224211423699915,0.8115942028985508,0.9343434343434344
0.5982339955849889,0.7684210526315789,0.6563876651982379,0.8038558256496228
0.7989690721649485,0.8832335329341318,0.8673469387755102,0.9192546583850931
0.8054862842892768,0.8831168831168831,0.9335038363171355,0.9450897571277719
0.8645833333333334,0.9537366548042705,0.8645833333333334,0.9537366548042705
0.5806451612903226,0.8668242710795903,0.6983758700696056,0.9168665067945644
0.7085201793721974,0.883834281072299,0.8247191011235955,0.9360131255127153
0.7758620689655172,0.9409984871406959,0.8539325842696629,0.9795918367346939
0.6320754716981132,0.8526077097505669,0.9389671361502347,0.9896579156722355
0.6758104738154613,0.9397590361445783,0.7305699481865284,0.9522497704315886
0.511737089201878,0.8591331269349846,0.6119402985074627,0.8827067669172932
0.8683544303797468,0.950419527078566,0.9322916666666666,0.9608433734939759
0.6040609137055837,0.8641114982578397,0.6040609137055837,0.8641114982578397
0.8040201005025126,0.9720028715003589,0.9304812834224598,0.9909784871616932
0.7552941176470589,0.9303749043611323,0.7552941176470589,0.9303749043611323
0.5635491606714629,0.846039970392302,0.8102189781021898,0.9406844106463879
0.7511961722488039,0.8985167837626854,0.7511961722488039,0.8985167837626854
0.6541019955654102,0.8326180257510729,0.8243243243243243,0.8990509059534081
0.6700507614213198,0.8679593721144967,0.796875,0.9244186046511628
0.6852300242130751,0.8941524796447076,0.6852300242130751,0.8941524796447076
0.5483870967741935,0.8358326756116812,0.6717171717171717,0.8838342810722989
0.7425742574257426,0.9047619047619048,0.8716049382716049,0.9523809523809523
0.6077586206896552,0.8564146134239592,0.6608695652173913,0.870539419087137
0.4693877551020408,0.7741935483870968,0.5806451612903226,0.8222222222222222
0.7699115044247787,0.9388235294117647,0.8497109826589595,0.9787059787059788
0.6983758700696056,0.9176563737133808,0.8177570093457944,0.9686746987951808
0.7380352644836272,0.9217540842648323,0.865979381443299,0.9767441860465116
0.8169014084507042,0.9392523364485982,0.8761904761904762,0.950419527078566
0.8755980861244019,0.9195046439628483,1.0,1.0
0.8767772511848341,0.9800613496932515,0.8767772511848341,0.9800613496932515
0.8645833333333334,0.9541930937279774,0.8645833333333334,0.9541930937279774
0.6422018348623854,0.9333333333333333,0.7450980392156863,0.9565217391304348
0.8761904761904762,0.9497293116782676,0.8761904761904762,0.9497293116782676
0.703872437357631,0.8842105263157894,0.7652370203160271,0.9238493723849373
0.8092909535452323,0.8799076212471132,0.8737864077669903,0.9169992019154031
0.7511961722488039,0.8985167837626854,0.8785046728971962,0.9782790309106099
0.7305699481865284,0.9581993569131833,0.7897574123989218,0.9690230341540905
0.4946004319654428,0.8192771084337349,0.8734793187347932,0.9411764705882353
0.6889952153110048,0.8807339449541285,0.875,0.9767441860465116
0.5882352941176471,0.7748031496062993,0.9414414414414415,0.9554794520547946
0.6962616822429906,0.9174603174603175,0.8078817733990148,0.9397217928902628
0.6446469248291572,0.8436246992782679,0.8828828828828829,0.9773123909249564
0.8283828382838284,0.9456975772765246,0.8283828382838284,0.9456975772765246
0.7511961722488039,0.8180839612486545,0.8725490196078431,0.8807339449541285
0.7117516629711752,0.8440445586975149,0.8278145695364238,0.9279778393351801
0.8703241895261845,0.9523809523809523,0.8703241895261845,0.9523809523809523
0.8010204081632653,0.9428989751098097,0.8010204081632653,0.9428989751098097
0.7380352644836272,0.8554319931565441,0.935,0.9869346733668342
0.7745664739884393,0.9205702647657841,0.9219219219219219,0.985854189336235
0.8676844783715012,0.9497293116782676,0.8676844783715012,0.9497293116782676
0.4926829268292683,0.7974335472043996,0.6766169154228856,0.8938775510204082
0.48908296943231433,0.7692307692307692,0.711111111111111,0.8733392382639504
0.6608695652173913,0.8567493112947658,0.7724288840262582,0.9145539906103286
0.8092909535452323,0.9099307159353349,0.9379474940334129,0.9893004115226337
0.6782178217821782,0.9326424870466321,0.7925531914893617,0.9602446483180428
0.7688888888888888,0.8779342723004695,0.8828828828828829,0.9051959890610757
0.8025316455696203,0.9432727272727273,0.8025316455696203,0.9432727272727273
0.558252427184466,0.812452543659833,0.6798029556650247,0.8582554517133957
0.7117516629711752,0.8657276995305164,0.8251121076233183,0.9244186046511628
1.0,1.0,1.0,1.0
0.6867469879518073,0.9218632607062359,0.8129496402877698,0.9708302169035153
0.6782178217821782,0.8881939014855356,0.7346938775510203,0.8994586233565351
0.5844748858447488,0.8984375,0.6859903381642511,0.921092564491654
0.49144254278728605,0.8192968111201963,0.7340153452685422,0.9196822594880847
0.6717171717171717,0.8198859005704972,0.865979381443299,0.9072256913470116
0.6303317535545023,0.8825301204819277,0.8181818181818181,0.9696969696969697
0.6774193548387097,0.9173947577442414,0.8035264483627205,0.96826688364524
0.7592592592592592,0.9264349232012935,0.9379474940334129,0.9894394800974817
0.7523809523809524,0.9013657056145675,0.8169014084507042,0.9391575663026521
0.4693877551020408,0.7473684210526316,0.718004338394794,0.9080459770114943
0.701834862385321,0.8793248945147679,0.8770685579196218,0.9444918872758327
0.6700507614213198,0.8961510530137982,0.8624338624338624,0.9527272727272728
0.6157635467980296,0.8395061728395062,0.8054862842892768,0.9302949061662198
0.4608294930875576,0.7979274611398963,0.5863636363636364,0.8566581849024597
0.6338028169014085,0.8227272727272728,0.821917808219178,0.9349999999999999
0.8609625668449198,0.9809941520467836,0.9287671232876712,0.9907209136331192
0.696969696969697,0.8894044856921887,0.696969696969697,0.8894044856921887
0.6176470588235294,0.8577939835916135,0.8767772511848341,0.977292576419214
0.5772357723577235,0.8628370457209847,0.7062146892655368,0.9334186939820742
0.6303317535545024,0.8526077097505669,0.7535545023696683,0.9012908124525436
0.8645833333333333,0.9814550641940085,0.9299191374663073,0.9908643710470836
0.6683673469387755,0.8311688311688312,0.7346938775510204,0.8717948717948718
0.703872437357631,0.8845843422114609,0.8227272727272728,0.9368932038834952
0.6312056737588653,0.8314606741573034,0.75,0.8837209302325582
0.6976744186046512,0.8282828282828283,0.8169014084507042,0.8761904761904762
0.5828877005347594,0.85,0.637883008356546,0.8631578947368421
0.6997690531177829,0.8890612878200155,0.6997690531177829,0.8890612878200155
0.7541371158392435,0.9306930693069306,0.8115942028985508,0.9416167664670658
0.7263157894736842,0.9059334298118669,0.7989690721649485,0.9418777943368107
0.8652849740932642,0.9541284403669725,0.8652849740932642,0.9541284403669725
0.5958549222797928,0.824165915238954,0.7333333333333334,0.9079878665318504
0.7688888888888888,0.8539325842696629,0.8844444444444445,0.9396471680594243
0.7592592592592593,0.8975571315996848,0.8823529411764706,0.9783513738551207
0.6176470588235294,0.8862973760932945,0.8010204081632653,0.9430656934306569
0.7603686635944701,0.8951612903225806,0.8823529411764706,0.9775862068965517
0.8102189781021898,0.9130111524163569,0.8712871287128713,0.9240321402483564
0.6722689075630253,0.8831168831168831,0.7824267782426778,0.9478957915831663
0.6941176470588235,0.8563535911602209,0.8142857142857143,0.9054163298302345
0.7117516629711752,0.8440445586975149,0.8278145695364238,0.9279778393351801
0.8092909535452323,0.9110266159695818,0.9358024691358025,0.959721146398141
0.7432098765432098,0.9244813278008299,0.9326424870466321,0.989010989010989
0.755868544600939,0.9238493723849373,0.8125,0.9355371900826446
0.6867469879518072,0.8936802973977696,0.8190255220417634,0.9695550351288056
0.6428571428571428,0.9136212624584718,0.7790368271954674,0.9661751951431049
0.7117516629711752,0.8785046728971962,0.7117516629711752,0.8785046728971962
0.7647058823529411,0.9151910531220876,0.8785046728971962,0.9409627611262489
0.7603686635944701,0.8951612903225806,0.8823529411764706,0.9775862068965517
0.5946547884187081,0.8013371537726839,0.8206896551724138,0.9190031152647975
0.7529691211401426,0.9306930693069306,0.8111380145278451,0.941747572815534
0.6372093023255814,0.8209366391184574,0.8151658767772512,0.9210526315789473
0.5294117647058824,0.7963978073610023,0.7085201793721974,0.883834281072299
0.8725490196078431,0.9762122598353157,0.8725490196078431,0.9762122598353157
0.6813725490196079,0.8606431852986217,0.8719211822660099,0.9469387755102041
0.5428571428571429,0.8150627615062762,0.6548672566371682,0.8671209540034072
0.5251141552511416,0.7938144329896908,0.701834862385321,0.8793248945147679
0.5919282511210762,0.8306188925081432,0.6446469248291572,0.8436246992782679
0.6486486486486487,0.8550955414012739,0.7839335180055401,0.9033856317093312
0.6844660194174758,0.9202453987730062,0.8686868686868687,0.9800307219662059
0.6454545454545455,0.8161822466614297,0.7668161434977578,0.8913951545530493
0.6533333333333333,0.8064516129032258,0.8258928571428572,0.8976377952755905
0.8767772511848341,0.9801980198019802,0.8767772511848341,0.9801980198019802
0.6388888888888888,0.8174726989079564,0.7592592592592592,0.8672427336999214
0.8169014084507042,0.9391575663026521,0.9365853658536585,0.9607250755287009
0.6616052060737527,0.8314606741573034,0.8879310344827587,0.9757009345794393
0.7511961722488039,0.893092105263158,0.8770685579196217,0.9471974004874086
0.7340153452685422,0.9196822594880847,0.7936507936507936,0.9318181818181819
0.4347826086956522,0.7108190091001012,0.5964523281596452,0.8404907975460123
0.5185185185185184,0.8187038556193601,0.7412935323383085,0.8917568692756037
0.6912114014251782,0.8568056648308419,0.8206896551724139,0.9364303178484108
0.7784090909090909,0.8653624856156501,0.8518518518518519,0.918648310387985
0.6486486486486487,0.8976377952755905,0.8115942028985508,0.9343434343434344
0.745721271393643,0.9259560618388935,0.8035264483627205,0.9372485921158488
0.6533333333333333,0.7678571428571429,0.7668161434977578,0.8634453781512605
0.696969696969697,0.8764044943820225,0.9373493975903614,0.9879518072289156
0.6034858387799564,0.7796610169491525,0.6593886462882096,0.8186046511627907
0.4196428571428572,0.7555555555555555,0.6941176470588235,0.8705882352941177
0.7360406091370559,0.9297297297297298,0.7952755905511811,0.9405034324942791
0.5767441860465117,0.8065779169929522,0.6859903381642511,0.8311688311688312
0.7994858611825193,0.9136531365313653,1.0,1.0
0.579676674364896,0.8393822393822394,0.7636363636363637,0.9277204130262113
0.6805896805896805,0.888715953307393,0.7481840193704601,0.9266720386784851
0.8645833333333334,0.926605504587156,0.8645833333333334,0.926605504587156
0.6438356164383562,0.8636363636363636,0.87409200968523,0.9425287356321839
0.5272727272727273,0.8258471237194641,0.6422018348623854,0.8746987951807229
0.8231292517006803,0.903861955628595,0.8828828828828829,0.9448685326547922
0.6875,0.8932038834951457,0.8129496402877698,0.941747572815534
0.6355140186915887,0.9111617312072893,0.755868544600939,0.9601532567049809
0.796875,0.9335604770017035,0.8598382749326146,0.9451476793248945
0.8555555555555556,0.9820069204152249,0.9246376811594204,0.9911262798634812
0.5873015873015872,0.8315789473684211,0.8092909535452323,0.8799076212471132
0.7511961722488039,0.8985167837626854,0.8156028368794326,0.937046004842615
0.6919431279620853,0.8849557522123894,0.8719211822660099,0.9469387755102041
0.5767441860465117,0.8065779169929522,0.8142857142857143,0.903861955628595
0.6413793103448275,0.9030654515327258,0.758139534883721,0.9559322033898305
0.5251141552511416,0.7571080422420796,0.7149122807017544,0.8778821520068317
0.5357142857142857,0.8460019743336624,0.5924764890282133,0.8593903638151426
0.7974025974025974,0.941397445529677,0.8673469387755102,0.9797665369649805
0.6080402010050251,0.9084507042253521,0.717391304347826,0.9396751740139211
0.8295081967213115,0.924506387921022,0.9150326797385621,0.9834815756035579
0.712707182320442,0.9015897047691143,0.792,0.9405034324942791
0.6043478260869566,0.7842794759825328,0.7149122807017544,0.8131868131868132
0.7173913043478262,0.900952380952381,0.7173913043478262,0.900952380952381
0.6692111959287532,0.9234731420161884,0.9277777777777778,0.9905178701677607
0.5054347826086956,0.8176914778856527,0.7570093457943925,0.9091967403958091
0.6080402010050252,0.8343245539507222,0.7925531914893617,0.8969162995594714
0.6541019955654102,0.8326180257510729,0.8243243243243243,0.8990509059534081
0.8092909535452323,0.898876404494382,0.8092909535452323,0.898876404494382
0.8092909535452323,0.9099307159353349,0.9379474940334129,0.9893004115226337
0.5666666666666667,0.8595178719866999,0.7994858611825193,0.9347280334728033
0.9259259259259259,0.991304347826087,0.9259259259259259,0.991304347826087
0.7291666666666666,0.8635996771589992,0.7291666666666666,0.8635996771589992
0.6320754716981132,0.8526077097505669,0.8177570093457944,0.9386792452830188
0.7380352644836272,0.9217540842648323,0.796875,0.9335604770017035
0.4372294372294372,0.7967078189300412,0.7228144989339019,0.9445865302642796
0.8215102974828375,0.9664660361134996,0.8215102974828375,0.9664660361134996
0.6167076167076168,0.8577680525164114,0.8755980861244019,0.9796397807361003
0.7058823529411764,0.8222043443282381,0.8818181818181818,0.9116397621070518
0.4773869346733669,0.8157894736842105,0.5560975609756098,0.868421052631579
0.6195121951219512,0.8431214802896219,0.6195121951219512,0.8431214802896219
0.5483870967741935,0.8812785388127854,0.6514745308310992,0.9067264573991032
0.8703241895261845,0.9517446176688938,0.9362745098039216,0.9900687547746371
0.7425742574257426,0.9053857350800583,0.934010152284264,0.962536023054755
0.7552941176470589,0.9306930693069306,0.8129496402877698,0.941747572815534
0.8010204081632653,0.9430656934306569,0.9329896907216495,0.9903632320237212
0.8338658146964857,0.9471974004874086,0.9184952978056427,0.9888983774551665
0.5084033613445378,0.6427976686094921,0.9413092550790068,0.9418994413407821
0.7248677248677249,0.907209136331192,0.7886178861788617,0.9181245626312107
0.5656324582338901,0.7864077669902912,0.6303317535545023,0.8190255220417633
0.6478555304740407,0.8206071757129715,0.7587006960556845,0.8478847884788479
0.9212121212121213,0.9907473309608541,0.9212121212121213,0.9907473309608541
0.6355140186915887,0.7948910593538693,0.8169014084507042,0.8761904761904762
0.8106796116504854,0.912621359223301,0.9386792452830188,0.98973954222573
0.7636363636363637,0.9269662921348315,0.844311377245509,0.9741035856573705
0.731958762886598,0.9630681818181819,0.7925531914893618,0.9728601252609603
0.6867469879518072,0.8435081685296647,0.8807339449541284,0.9768064228367529
0.7511961722488039,0.8985167837626854,0.8156028368794326,0.937046004842615
0.755868544600939,0.8592839300582847,1.0,1.0
0.8115942028985508,0.9416167664670658,0.8767772511848341,0.9800613496932515
0.7412935323383085,0.9498069498069498,0.8617021276595744,0.9754253308128544
0.8818181818181818,0.9116397621070518,0.9410430839002267,0.9541850220264317
0.8703241895261845,0.9523809523809523,0.9365853658536585,0.9902912621359223
0.6476964769647696,0.8343949044585988,0.7815126050420168,0.8873917228103946
0.6675191815856777,0.8482068390325271,0.7360406091370558,0.8864628820960698
0.59375,0.8631578947368421,0.6563876651982379,0.902418682235196
0.7529691211401425,0.931008339651251,0.9367396593673966,0.9902475618904726
0.7425742574257426,0.9335281227173119,0.8020304568527918,0.9440459110473458
0.7668161434977578,0.8913951545530493,0.7668161434977578,0.8913951545530493
0.8186046511627907,0.9328743545611016,0.8785046728971962,0.945424013434089
0.8709677419354839,0.9523809523809523,0.934010152284264,0.962536023054755
0.9182389937106918,0.9871414441147379,0.9182389937106918,0.9871414441147379
0.7052154195011338,0.913549459684123,0.8785046728971962,0.9782790309106099
0.7373737373737375,0.9545454545454546,0.8586956521739131,0.9777777777777777
0.6658097686375322,0.9225614296351452,0.7226666666666667,0.9331373989713446
0.6,0.7631578947368421,0.796875,0.9005102040816326
0.7688888888888888,0.8924731182795699,0.7688888888888888,0.8924731182795699
0.6303317535545023,0.7975778546712802,0.748792270531401,0.8478847884788479
0.39534883720930225,0.8131868131868132,0.5272727272727273,0.8525121555915721
0.8676844783715012,0.9497293116782676,0.9348370927318296,0.9895916733386709
0.868020304568528,0.977292576419214,0.868020304568528,0.977292576419214
0.5071090047393365,0.7768240343347639,0.7425742574257426,0.8783910196445276
0.656084656084656,0.9195046439628483,0.7758620689655172,0.9409984871406959
0.5910112359550562,0.8028731045490822,0.7668161434977578,0.8913951545530493
0.7989690721649485,0.8832335329341318,0.9343434343434344,0.9580645161290322
0.7004608294930875,0.9190031152647975,0.7552941176470589,0.9303749043611323
0.7058823529411764,0.8845843422114609,0.8231292517006803,0.9364303178484108
0.7493975903614458,0.9277204130262113,0.7493975903614458,0.9277204130262113
0.7025171624713958,0.8526315789473684,0.8828828828828829,0.946236559139785
0.8551532033426184,0.9228944246737841,0.8551532033426184,0.9228944246737841
0.6790123456790124,0.9184313725490196,0.6790123456790124,0.9184313725490196
0.6867469879518072,0.9499615088529638,0.6867469879518072,0.9499615088529638
0.6502242152466368,0.7692307692307692,0.7072072072072072,0.8045977011494252
0.3281653746770026,0.7445708376421923,0.5678670360110805,0.8608799048751486
0.7149122807017544,0.8791208791208791,0.7739130434782608,0.9209383145091226
0.8151658767772512,0.9302325581395349,0.9373493975903614,0.9879518072289156
0.5835240274599542,0.8686868686868687,0.7130242825607064,0.946852003270646
0.5844748858447488,0.8554319931565441,0.6889952153110048,0.8807339449541285
0.7442622950819673,0.9179810725552051,0.8311688311688312,0.9704880817253121
0.9389671361502347,0.9896579156722355,0.9389671361502347,0.9896579156722355
0.9386792452830188,0.9596273291925466,1.0,1.0
0.7085201793721974,0.8292682926829268,0.8807339449541285,0.9
0.6955503512880562,0.8853247794707297,0.7511961722488039,0.8972332015810277
0.6813725490196079,0.8974358974358975,0.796875,0.9244186046511628
0.7614678899082569,0.9272581934452439,0.9389671361502347,0.9896579156722355
0.9277777777777778,0.9905178701677607,0.9277777777777778,0.9905178701677607
0.75,0.9198237885462555,0.868020304568528,0.9439171699741156
0.6438356164383562,0.8619469026548673,0.8194444444444444,0.903861955628595
0.7425742574257426,0.9609022556390977,0.7425742574257426,0.9609022556390977
1.0,1.0,1.0,1.0
0.7636363636363637,0.958664546899841,0.7636363636363637,0.958664546899841
0.9304812834224598,0.9909784871616932,0.9304812834224598,0.9909784871616932
0.6805896805896806,0.9480415667466027,0.7931034482758621,0.9695550351288056
0.6486486486486487,0.8550955414012739,0.9295392953929539,0.9881710646041856
0.5073684210526315,0.8630377524143986,0.7180043383947939,0.9449618966977138
0.6486486486486486,0.8410757946210269,0.8818181818181818,0.945424013434089
0.6741854636591479,0.8420300214438885,0.8092909535452323,0.9110266159695818
0.6157635467980296,0.8463356973995272,0.8785046728971962,0.9791164658634538
0.6422018348623852,0.8604651162790697,0.7575757575757576,0.9156626506024097
0.7104677060133631,0.8995169082125604,0.7647058823529411,0.9132507149666349
0.5251141552511416,0.850328947368421,0.6397228637413395,0.9015979814970564
0.6454545454545454,0.8766798418972332,0.7709251101321586,0.9568464730290457
0.7078651685393258,0.9171974522292994,1.0,1.0
0.7085201793721974,0.883834281072299,0.8247191011235955,0.9360131255127153
0.6700507614213198,0.8683068017366136,0.9322916666666666,0.9608433734939759
0.7963446475195822,0.9700690713737529,0.9263456090651558,0.9902475618904726
0.675,0.8606645230439443,0.7570093457943925,0.9091967403958091
0.8,0.9424778761061947,0.8,0.9424778761061947
0.6608695652173913,0.8235294117647058,0.7739130434782608,0.911219512195122
0.8624338624338624,0.9531362653208364,0.9333333333333333,0.9905178701677607
0.5666666666666667,0.8750923872875093,0.8631578947368421,0.953203743700504
0.6478555304740407,0.8158640226628895,0.8787878787878788,0.9333333333333333
0.5863636363636364,0.8581024349286314,0.8177570093457944,0.9653333333333334
0.7614678899082569,0.9279493269992083,0.8807339449541285,0.979315831344471
0.6542553191489362,0.8584758942457231,0.8531073446327684,0.9169329073482428
0.6303317535545023,0.8190255220417633,0.9389671361502347,0.9884444444444445
0.7134986225895317,0.8696993060909792,1.0,1.0
0.703872437357631,0.8178070898598516,0.7630979498861048,0.8549356223175966
0.934010152284264,0.962536023054755,1.0,1.0
0.8115942028985508,0.9343434343434344,0.8755980861244019,0.9771929824561404
0.6578947368421053,0.8701082431307244,0.7714285714285715,0.9234650967199327
0.8709677419354839,0.9523809523809523,1.0,1.0
0.7438423645320197,0.9335281227173119,0.9302949061662198,0.9637630662020906
0.6320754716981132,0.8526077097505669,0.6976744186046512,0.8888888888888888
0.6397228637413395,0.8389760528488852,0.7018348623853211,0.8772532188841202
1.0,1.0,1.0,1.0
0.4823008849557522,0.8112903225806452,0.7636363636363636,0.9260763606823721
0.6148148148148148,0.8571428571428572,0.74,0.9028400597907325
0.5835240274599542,0.7818459191456903,0.7668161434977578,0.8913951545530493
0.7603686635944701,0.8666140489344909,0.8215102974828375,0.9048006509357202
0.7475728155339805,0.9305431878895815,0.8213058419243986,0.9424269264836138
0.6882494004796164,0.8366592756836659,0.8164705882352941,0.9080911233307148
0.7535545023696683,0.8754789272030651,0.8115942028985508,0.8890995260663507
0.511737089201878,0.7283176593521421,0.8676844783715012,0.9163449163449163
0.8709677419354839,0.9523809523809523,0.9367396593673966,0.9902475618904726
0.6700507614213198,0.8679593721144967,0.8040201005025126,0.9595015576323987
0.5229357798165137,0.8499587798845837,0.7004608294930876,0.9423247559893523
0.6983758700696056,0.9184313725490196,0.8755980861244019,0.9796397807361003
0.5910112359550561,0.8622656886715566,0.7592592592592593,0.9254709254709255
0.7833333333333333,0.9375,0.8609625668449198,0.9790996784565916
0.6142433234421365,0.9400921658986175,0.7391304347826086,0.9645776566757494
0.7511961722488039,0.9015897047691143,1.0,1.0
0.731958762886598,0.8975571315996848,0.863517060367454,0.9472830494728305
0.6157635467980296,0.8395061728395062,0.8054862842892768,0.9302949061662198
0.6069114470842332,0.8808432630614116,0.7688888888888888,0.9517177344475395
0.792,0.9191430545957153,0.8645833333333334,0.953998584571833
0.7340153452685422,0.9196822594880847,0.8575342465753424,0.9437229437229437
0.7668161434977578,0.8927392739273927,0.8834080717488789,0.9459684123025769
0.8761904761904762,0.9801526717557252,0.8761904761904762,0.9801526717557252
0.5687203791469194,0.8737864077669903,0.7592592592592593,0.9602446483180428
0.5336322869955157,0.7760551248923342,0.7647058823529411,0.911219512195122
0.7874659400544959,0.9282428702851886,0.9269662921348315,0.9874152952565344
0.7052154195011338,0.7802197802197802,0.7052154195011338,0.7802197802197802
0.6813725490196079,0.8841870824053453,0.8652849740932642,0.9693396226415094
0.8755980861244019,0.9195046439628483,0.8755980861244019,0.9195046439628483
0.6043478260869566,0.7842794759825328,0.8296943231441049,0.9252873563218391
0.6700507614213198,0.8679593721144967,0.8602150537634409,0.9375600384245918
0.6889952153110048,0.851063829787234,0.8102189781021898,0.9010989010989011
0.7158469945355191,0.9213483146067416,0.7158469945355191,0.9213483146067416
0.7629179331306991,0.8890995260663507,0.8429003021148036,0.9341438703140831
0.6454545454545455,0.8935395814376706,0.6454545454545455,0.8935395814376706
0.6517857142857142,0.8668941979522184,0.8243243243243243,0.9342327150084317
0.7412935323383085,0.9319371727748691,0.8693467336683417,0.9802431610942249
0.5408388520971302,0.819000819000819,0.7636363636363637,0.8962490023942538
0.8215102974828375,0.9661751951431049,0.880184331797235,0.9780405405405406
0.8295081967213115,0.924506387921022,0.8295081967213115,0.924506387921022
0.6486486486486487,0.8762886597938144,0.6486486486486487,0.8762886597938144
0.8102189781021898,0.9130111524163569,0.8102189781021898,0.9130111524163569
0.49350649350649356,0.8010204081632653,0.6462585034013605,0.8418491484184915
0.606060606060606,0.7224594363791631,0.7149122807017543,0.7936507936507936
0.6422018348623854,0.8746987951807229,0.8156028368794326,0.937046004842615
0.5676959619952494,0.7865168539325843,0.6955503512880561,0.8451063829787234
0.558252427184466,0.812452543659833,0.8049999999999999,0.9064748201438849
0.8793503480278422,0.9482895783611774,0.9403669724770642,0.9893704006541292
0.47651006711409394,0.7181571815718157,0.7739130434782608,0.9130850047755492
0.7255936675461742,0.9339143064633261,0.8609625668449198,0.9807834441980784
0.6,0.8775510204081632,0.7277486910994765,0.9263157894736842
0.7018348623853211,0.823058446757406,0.9413092550790068,0.9560439560439561
0.7412935323383085,0.8917568692756037,0.9321148825065274,0.955593509820666
0.6741854636591479,0.9250180245133381,0.7312661498708011,0.9355067328136074
0.6060606060606061,0.8084714548802947,0.7161572052401746,0.8380782918149466
0.7570093457943925,0.8917568692756037,0.8770685579196218,0.9444918872758327
0.7189189189189189,0.8318512530315278,0.865979381443299,0.914543960558751
0.6717171717171717,0.8198859005704972,0.6717171717171717,0.8198859005704972
0.7994858611825193,0.9136531365313653,1.0,1.0
0.6962616822429906,0.8306513409961686,0.8211009174311926,0.9057211925866236
0.7897574123989218,0.9193381592554292,0.8547486033519553,0.9331963001027749
0.6486486486486487,0.8687973086627419,0.8190255220417634,0.9336170212765957
0.8142857142857143,0.903861955628595,0.8770685579196218,0.9444918872758327
0.7897574123989218,0.9645131938125568,0.8539325842696629,0.9765554553651938
0.6430205949656751,0.8468185388845247,0.8186046511627907,0.9088074824629774
0.6962616822429906,0.8591331269349844,0.8181818181818181,0.9092319627618308
0.8743961352657005,0.934934934934935,0.8743961352657005,0.934934934934935
0.6422018348623852,0.815748031496063,0.7636363636363637,0.8900169204737732
0.7463414634146341,0.8948220064724919,0.9362745098039216,0.9887445887445887
0.8522727272727273,0.9261887863733144,0.8522727272727273,0.9261887863733144
0.7386934673366834,0.9326424870466321,0.87,0.9808400884303611
0.6185819070904646,0.8577680525164114,0.6882494004796164,0.8932038834951457
0.6355140186915887,0.8556891766882516,0.8092909535452323,0.925215723873442
0.7688888888888888,0.9174977334542158,0.8834080717488789,0.9758364312267658
0.8571428571428572,0.9823008849557522,1.0,1.0
0.6502242152466368,0.8402948402948403,0.8235294117647058,0.9052631578947369
0.6829268292682926,0.9193798449612403,0.7511961722488039,0.9584
0.6798029556650247,0.8582554517133957,0.6798029556650247,0.8582554517133957
0.6875,0.9438202247191011,0.8609625668449198,0.9782608695652174
0.7511961722488039,0.8985167837626854,0.8743961352657005,0.9482895783611774
0.5910112359550561,0.8622656886715566,0.8785046728971962,0.9782790309106099
0.8020304568527918,0.9440459110473458,0.934010152284264,0.9906542056074766
0.5458515283842794,0.7865353037766831,0.776824034334764,0.9205240174672489
0.5495049504950495,0.8165784832451499,0.6020408163265306,0.8293963254593175
0.8106796116504854,0.9702517162471396,0.87,0.9804511278195489
0.6157635467980296,0.8851251840942562,0.8,0.9424778761061947
0.7989690721649485,0.9707865168539326,0.9277777777777778,0.9905178701677607
0.5873015873015872,0.8882521489971347,0.9182389937106918,0.9871414441147379
0.7450980392156863,0.9047619047619048,0.8779342723004695,0.9801980198019802
0.6836982968369829,0.835931700074239,0.8156028368794326,0.9093725793958172
0.43107221006564567,0.715660542432196,0.6438356164383562,0.792
0.70917225950783,0.8461538461538461,0.9410430839002267,0.9541850220264317
0.6119402985074627,0.9318777292576419,0.7189189189189189,0.9555175363558597
0.543859649122807,0.8622656886715566,0.7827298050139275,0.9349457881567973
0.5919282511210762,0.8328387734915925,0.7085201793721974,0.9276974416017798
0.5666666666666667,0.8169014084507042,0.8186046511627907,0.9381933438985737
0.6034858387799564,0.8241758241758241,0.6637931034482758,0.8651685393258427
0.7636363636363637,0.8900169204737732,0.9395348837209302,0.9556313993174061
0.8088235294117647,0.9410876132930514,0.8088235294117647,0.9410876132930514
0.750599520383693,0.8661916072842439,0.8770685579196218,0.9444918872758327
1.0,1.0,1.0,1.0
0.6926713947990544,0.9050228310502283,0.8120481927710843,0.962962962962963
0.5787037037037037,0.7897872340425531,0.8725490196078431,0.9051094890510949
0.6422018348623854,0.8746987951807229,0.8156028368794326,0.937046004842615
0.7333333333333333,0.9296210363495746,0.7963446475195822,0.9412207987942728
0.6486486486486487,0.8642297650130548,0.8235294117647058,0.9636533084808947
0.8609625668449198,0.9790996784565916,0.9293478260869565,0.9898516783762685
0.7018348623853211,0.801829268292683,0.8227272727272728,0.8741935483870968
0.6692111959287532,0.9234731420161884,0.8609625668449198,0.9807834441980784
0.9373493975903614,0.9879518072289156,0.9373493975903614,0.9879518072289156
0.6805896805896805,0.888715953307393,0.8725490196078431,0.9785831960461285
0.8025316455696203,0.8865454545454545,0.9358024691358025,0.959721146398141
0.755868544600939,0.9601532567049809,0.9338422391857506,0.9905178701677607
0.7535545023696683,0.8754789272030651,0.8151658767772512,0.9210526315789473
0.5955555555555555,0.8263772954924875,0.6563876651982379,0.8662092624356775
0.7517899761336515,0.9119070667957405,0.935,0.9869346733668342
0.606060606060606,0.8268590455049944,0.8594594594594595,0.9661898569570871
0.7475728155339806,0.8966613672496025,0.8719211822660099,0.9469387755102041
0.6129032258064516,0.8552338530066815,0.7493975903614458,0.9277204130262113
0.7438423645320198,0.9049707602339181,0.8716049382716049,0.9521707137601177
0.6,0.8571428571428572,0.821917808219178,0.9349999999999999
0.6571428571428571,0.8329048843187661,0.7155361050328228,0.8735632183908046
0.8649350649350649,0.9482895783611774,0.9333333333333333,0.9892294946147473
0.6462585034013605,0.8458498023715415,0.8247191011235955,0.9360131255127153
0.6548672566371682,0.9032258064516129,0.8177570093457944,0.9386792452830188
0.516279069767442,0.860536398467433,0.516279069767442,0.860536398467433
0.6741854636591479,0.8420300214438885,0.8025316455696203,0.8865454545454545
0.8115942028985508,0.9416167664670658,0.8115942028985508,0.9416167664670658
0.703872437357631,0.8842105263157894,0.8787878787878788,0.9472830494728305
0.6338028169014085,0.8239277652370203,0.8834080717488789,0.9782062028499581
0.59375,0.8627132412672625,0.59375,0.8627132412672625
0.7511961722488039,0.899768696993061,0.8743961352657005,0.9489395129615082
0.6204379562043796,0.8917668825161887,0.7412935323383085,0.9498069498069498
0.558252427184466,0.8863636363636364,0.6782178217821783,0.9411764705882353
0.48684210526315796,0.7493112947658402,0.5428571428571429,0.7864734299516908
0.6852300242130751,0.8624338624338624,0.6852300242130751,0.8624338624338624
0.8243243243243243,0.9303571428571429,0.9409090909090909,0.9881061299176578
0.8054862842892768,0.9687750200160128,0.9306666666666666,0.9898516783762685
0.6962616822429906,0.9174603174603175,0.750599520383693,0.9287392325763508
0.7136563876651982,0.9057971014492754,0.8807339449541285,0.9437229437229437
0.6962616822429906,0.9174603174603175,0.8078817733990148,0.9397217928902628
0.8177570093457944,0.9689737470167065,0.8755980861244019,0.9796397807361003
0.5656324582338901,0.8065116279069767,0.8054862842892768,0.9203268641470889
0.6438356164383562,0.8636363636363636,0.696969696969697,0.8764044943820225
0.7438423645320197,0.9614529280948851,0.8652849740932642,0.9815471965933286
0.7438423645320198,0.9049707602339181,0.8115942028985508,0.9416167664670658
0.6157635467980296,0.8395061728395062,0.6821515892420538,0.8768303186907838
0.4999999999999999,0.8035555555555556,0.796875,0.9244186046511628
0.5727699530516431,0.823728813559322,0.8828828828828829,0.9782244556113903
0.8151658767772512,0.9210526315789473,0.9371980676328502,0.9862142099681867
0.36017897091722595,0.780960404380792,0.6294536817102139,0.8963684676705048
0.6388888888888888,0.8257372654155496,0.7592592592592592,0.9096325719960278
0.7058823529411764,0.8577114427860697,0.8787878787878788,0.9333333333333333
0.803030303030303,0.9439655172413793,0.8719211822660098,0.9809384164222874
0.47058823529411764,0.7527733755942948,0.6502242152466368,0.8402948402948403
0.7833333333333333,0.9375,0.9293478260869565,0.9898516783762685
0.6338028169014085,0.8104956268221575,0.755868544600939,0.900763358778626
0.7475728155339806,0.9619326500732064,0.7475728155339806,0.9619326500732064
0.6060606060606061,0.8804597701149426,0.6774193548387097,0.9173947577442414
0.7511961722488039,0.893092105263158,0.8169014084507042,0.935
0.7603686635944701,0.8831985624438454,0.8206896551724138,0.9266227657572907
0.6733668341708543,0.9250720461095101,0.8045112781954887,0.9719626168224299
0.6708860759493671,0.7824267782426778,0.8673469387755102,0.8969276511397424
0.6683673469387755,0.8950843727072634,0.7263157894736842,0.9059334298118669
0.625,0.8163265306122449,0.8706467661691543,0.9130434782608696
0.796875,0.9335604770017035,0.796875,0.9335604770017035
0.6941176470588235,0.8563535911602209,0.6941176470588235,0.8563535911602209
0.7650602409638554,0.9683698296836983,0.7650602409638554,0.9683698296836983
0.9285714285714286,0.9906272530641673,1.0,1.0
0.8115942028985508,0.8828828828828829,0.8755980861244019,0.9195046439628483
0.6213592233009708,0.8742949234488315,0.6882494004796164,0.9126784214945424
0.7226666666666667,0.8754605747973471,0.8586956521739131,0.9212717638152914
0.5737704918032787,0.8173836698858647,0.7517899761336515,0.9119070667957405
0.5251141552511416,0.7911646586345382,0.7714285714285715,0.9246064623032312
0.6955503512880562,0.8881939014855356,0.7592592592592592,0.9264349232012935
0.5946547884187081,0.827671913835957,0.8215102974828375,0.9048006509357202
0.6897374701670644,0.9220973782771535,0.758139534883721,0.9603960396039604
0.8115942028985508,0.8828828828828829,0.8755980861244019,0.9195046439628483
0.7018348623853211,0.8544,0.9414414414414415,0.9889549702633815
0.6955503512880562,0.8867775138558986,0.7511961722488039,0.8985167837626854
0.6813725490196079,0.8606431852986217,0.8719211822660099,0.9469387755102041
0.7098214285714286,0.8529886914378029,0.8869565217391304,0.9772329246935202
0.5991189427312775,0.7926112510495382,0.767337807606264,0.8573839662447258
0.4532710280373832,0.7346938775510204,0.5825688073394497,0.8038125496425734
0.7652370203160271,0.9249793899422919,0.8823529411764706,0.9783513738551207
0.8571428571428572,0.9090909090909091,0.9289617486338798,0.9520295202952029
0.7994858611825193,0.9136531365313653,0.8624338624338624,0.924198250728863
0.7529691211401426,0.9306930693069306,0.8111380145278451,0.941747572815534
0.41500000000000004,0.740432612312812,0.5506172839506173,0.7970419063270336
0.5251141552511416,0.790491539081386,0.6486486486486487,0.8642297650130548
0.7078651685393258,0.8843977364591754,0.8849557522123894,0.978441127694859
0.6836982968369829,0.8917486752460257,0.8078817733990148,0.9397217928902628
0.6875,0.9225037257824144,0.8125,0.970873786407767
0.7931034482758621,0.972972972972973,0.9259259259259259,0.991304347826087
0.5583864118895965,0.8669767441860465,0.70917225950783,0.9073909171861086
0.7062146892655368,0.8965791567223548,0.8571428571428571,0.9772129710780018
0.7897574123989218,0.9645131938125568,0.7897574123989218,0.9645131938125568
0.6912114014251782,0.9513836948391923,0.7463414634146341,0.9618768328445748
0.8761904761904762,0.9207920792079208,0.8761904761904762,0.9207920792079208
0.74,0.8746383799421408,0.8706467661691543,0.9717698154180239
0.649438202247191,0.9067729083665339,0.649438202247191,0.9067729083665339
0.491304347826087,0.696629213483146,0.7123893805309736,0.8493150684931507
0.8602150537634409,0.9517446176688938,0.9275766016713092,0.9618488628026413
0.8227272727272728,0.9342327150084317,0.8227272727272728,0.9342327150084317
0.5315315315315317,0.6971887550200804,0.7592592592592592,0.8331688055281342
0.6213592233009708,0.7905102954341987,0.87,0.9307774227902024
0.6708860759493671,0.8516707416462918,0.8666666666666667,0.9425287356321839
0.45833333333333326,0.8142857142857143,0.5737704918032787,0.8629359286293593
0.7386934673366834,0.9015151515151515,0.8731707317073171,0.9788961038961039
0.7204301075268817,0.8530318602261048,0.775377969762419,0.9020452099031216
0.6819571865443426,0.918531781557744,0.7475728155339805,0.9305431878895815
0.7493975903614458,0.9277204130262113,0.9348370927318296,0.9895916733386709
0.5031847133757961,0.7931034482758621,0.6119402985074627,0.8481581311769991
0.7438423645320198,0.9049707602339181,0.7438423645320198,0.9049707602339181
0.6955503512880561,0.9465899753492194,0.748792270531401,0.9578264395782644
0.8020304568527918,0.9078014184397163,0.9371980676328502,0.989558232931727
0.755868544600939,0.865979381443299,0.8190255220417634,0.9052631578947369
0.7305699481865284,0.84,0.8706467661691543,0.917981072555205
0.8088235294117647,0.9410876132930514,0.8088235294117647,0.9410876132930514
0.5891647855530473,0.8093492208982584,0.6478555304740407,0.8260481712756467
0.6320754716981132,0.8526077097505669,0.6320754716981132,0.8526077097505669
0.8129496402877698,0.941747572815534,0.8779342723004695,0.9801980198019802
0.672544080604534,0.8910994764397906,0.8602150537634409,0.9711431742508324
0.592841163310962,0.8127812781278128,0.7052154195011338,0.8669767441860465
0.748792270531401,0.9578264395782644,0.748792270531401,0.9578264395782644
0.5071090047393365,0.74466268146883,0.8673469387755102,0.8969276511397424
0.6430205949656751,0.9044897959183673,0.6948356807511737,0.9162640901771336
0.553648068669528,0.7035087719298245,0.7198275862068966,0.7970615243342516
0.9356435643564356,0.9545454545454546,1.0,1.0
0.7373737373737373,0.8698999230177059,0.8712871287128713,0.9459684123025769
0.6675191815856777,0.9502677888293802,0.7219251336898396,0.9606358819076457
0.7031963470319635,0.9435273675065161,0.755868544600939,0.9553648068669528
0.7463414634146341,0.8948220064724919,0.8712871287128713,0.9459684123025769
0.9365853658536585,0.9607250755287009,0.9365853658536585,0.9607250755287009
0.9299191374663073,0.9908643710470836,0.9299191374663073,0.9908643710470836
0.8719211822660099,0.9469387755102041,0.9343434343434344,0.9580645161290322
0.7603686635944701,0.8951612903225806,0.8173302107728337,0.9070691024622717
0.7592592592592592,0.9565943238731218,0.8731707317073171,0.9788961038961039
0.8092909535452323,0.9099307159353349,0.8743961352657005,0.9482895783611774
0.6176470588235294,0.8718159408381265,0.8078817733990148,0.9655172413793104
0.6912114014251782,0.8282828282828283,0.755868544600939,0.865979381443299
0.4788418708240535,0.8105263157894737,0.6955503512880562,0.8853247794707297
0.8215102974828375,0.9669211195928753,0.8785046728971962,0.9782790309106099
0.675,0.8860557768924303,0.731958762886598,0.8975571315996848
0.7045454545454546,0.8493377483443708,0.7647058823529411,0.8883161512027491
0.6329411764705882,0.8351648351648352,0.8092909535452323,0.898876404494382
0.5528255528255528,0.782509505703422,0.6829268292682926,0.8327024981074943
0.5497835497835498,0.7781569965870307,0.7161572052401746,0.8455008488964346
0.8025316455696203,0.9439252336448598,0.8712871287128713,0.9808400884303611
0.7947368421052632,0.9420505200594353,0.9285714285714286,0.9630681818181818
0.755868544600939,0.8633791430881164,0.8194444444444444,0.903861955628595
0.70917225950783,0.9157894736842105,0.7636363636363637,0.9277204130262113
0.6563876651982379,0.8662092624356775,0.7709251101321586,0.9213483146067416
0.48,0.7738193869096934,0.7625570776255708,0.8666140489344909
0.8142857142857143,0.9285714285714286,0.937046004842615,0.9876543209876543
0.6571428571428571,0.8302872062663186,0.7149122807017543,0.8708220415537489
0.6889952153110048,0.8689275893675528,0.7450980392156863,0.8819255222524978
0.6976744186046511,0.9197530864197531,0.934010152284264,0.962536023054755
0.6578947368421052,0.8387096774193548,0.7768240343347639,0.9213483146067416
0.731958762886598,0.8845470692717584,0.7925531914893617,0.8969162995594714
0.5336322869955157,0.883834281072299,0.6805896805896805,0.9186864738076622
0.7547169811320754,0.8404907975460123,0.8785046728971962,0.9144736842105263
0.7412935323383085,0.9319371727748691,0.8097560975609757,0.9699306090979183
0.8631578947368421,0.9151020408163265,0.9321148825065274,0.955593509820666
0.6486486486486487,0.8642297650130548,0.880184331797235,0.9761248852157943
0.9338422391857506,0.990572878897752,0.9338422391857506,0.990572878897752
0.6346604215456675,0.8387096774193549,0.8151658767772512,0.9302325581395349
0.5635491606714629,0.8144252441773103,0.6303317535545023,0.8487199379363848
0.6355140186915889,0.8682432432432432,0.6355140186915889,0.8682432432432432
0.7614678899082569,0.9279493269992083,0.7614678899082569,0.9279493269992083
0.7625570776255708,0.8653386454183267,0.8828828828828829,0.9448685326547922
0.6204379562043796,0.9146608315098468,0.6741854636591479,0.9254480286738351
0.6548672566371682,0.8709677419354839,0.8289473684210527,0.9664660361134996
0.5697399527186761,0.8121047877145438,0.6859903381642511,0.8649669499527857
0.6338028169014085,0.8239277652370203,0.7552941176470589,0.8716780561883067
0.6034858387799564,0.8241758241758241,0.7228144989339019,0.9080459770114943
0.44680851063829785,0.728813559322034,0.6666666666666667,0.851063829787234
0.7155361050328228,0.8402107111501317,0.8293216630196937,0.8961845607808341
0.5955555555555555,0.8620408163265306,0.8251121076233183,0.9673640167364017
0.6438356164383562,0.7470270270270271,0.7570093457943925,0.8377028714107366
0.6338028169014085,0.8814589665653496,0.7647058823529411,0.9584664536741214
0.792,0.9460953697304768,0.8567493112947658,0.95581237253569
0.6821515892420538,0.8768303186907838,0.8666666666666667,0.9425287356321839
0.7018348623853211,0.918622848200313,0.8206896551724138,0.9692671394799054
0.6813725490196079,0.8606431852986217,0.7386934673366834,0.8720666161998486
0.5825688073394497,0.8038125496425734,0.7636363636363637,0.8932676518883416
0.7004608294930876,0.7962382445141066,0.880184331797235,0.9081272084805654
0.8278145695364238,0.8620689655172413,0.9423503325942351,0.9507109004739337
0.7511961722488039,0.8985167837626854,0.7511961722488039,0.8985167837626854
0.8115942028985508,0.9416167664670658,0.8716049382716049,0.9521707137601177
0.7360406091370559,0.9297297297297298,0.7360406091370559,0.9297297297297298
0.7547169811320754,0.9261962692619627,0.7547169811320754,0.9261962692619627
0.5844748858447488,0.8325281803542673,0.8804597701149425,0.9484536082474226
0.7412935323383085,0.9139072847682119,0.8624338624338624,0.9395348837209302
0.6010230179028133,0.7228426395939087,0.6640826873385013,0.7579408543263965
0.7699115044247788,0.956081081081081,0.7699115044247788,0.956081081081081
0.7535545023696683,0.9544259421560035,0.8693467336683417,0.9777587681779298
0.7587006960556845,0.9238493723849373,0.880184331797235,0.9783513738551207
0.7386934673366834,0.9015151515151515,0.8731707317073171,0.9788961038961039
0.6285714285714286,0.8786936236391913,0.6821515892420538,0.8902532617037605
0.8761904761904762,0.978981406628941,0.8761904761904762,0.978981406628941
0.7412935323383085,0.9605163249810175,0.8609625668449198,0.9807834441980784
0.6320754716981132,0.8144329896907216,0.7603686635944701,0.8924731182795699
0.8247191011235955,0.863517060367454,0.8828828828828829,0.9051959890610757
0.8156028368794326,0.937046004842615,0.8743961352657005,0.9482895783611774
0.675,0.8860557768924303,0.7432098765432098,0.9244813278008299
0.6157635467980296,0.878125,0.745721271393643,0.9294026377036462
0.8,0.9424778761061947,0.8693467336683417,0.9802431610942249
0.8649350649350649,0.9482895783611774,0.9302949061662198,0.959087332808812
0.5415617128463477,0.7857878475798146,0.6614583333333334,0.8419889502762431
0.6897374701670644,0.9447748513169074,0.6897374701670644,0.9447748513169074
0.767337807606264,0.9244813278008299,0.8231292517006803,0.9364303178484108
0.6962616822429907,0.8593508500772797,0.9383886255924171,0.9584664536741214
0.4144144144144144,0.7702811244979919,0.6422018348623854,0.8696741854636592
0.44285714285714284,0.8410757946210269,0.6813725490196079,0.9202453987730062
0.6700507614213198,0.8679593721144967,0.7373737373737375,0.9110459433040078
0.8005115089514067,0.9147851420247632,0.8703241895261845,0.9519586104951958
0.5023923444976077,0.8547486033519553,0.8015267175572519,0.967741935483871
0.3772455089820358,0.8244824482448245,0.7142857142857143,0.9465899753492194
0.7636363636363637,0.9361702127659575,0.9121621621621622,0.9580645161290322
0.5973451327433629,0.75,0.7668161434977578,0.868421052631579
0.7629179331306991,0.8890995260663507,0.9177215189873418,0.9475806451612904
0.6320754716981132,0.9089494163424124,0.6320754716981132,0.9089494163424124
0.7529691211401426,0.8712871287128713,0.8115942028985508,0.8828828828828829
0.8807339449541285,0.9,0.9400921658986175,0.9473684210526316
0.8638743455497382,0.9761029411764706,0.9295392953929539,0.9881710646041856
0.6372093023255814,0.8803680981595092,0.7031963470319635,0.9182389937106918
0.5825688073394495,0.9260763606823721,0.6303317535545023,0.9375500400320256
0.5757575757575757,0.8398768283294842,0.8120481927710843,0.912751677852349
0.7914438502673796,0.9387755102040817,0.7914438502673796,0.9387755102040817
0.6303317535545024,0.8523845571536715,0.7592592592592592,0.9264349232012935
0.7284595300261096,0.8791994281629736,0.9322916666666666,0.9608433734939759
0.6470588235294117,0.8956289027653881,0.7535545023696683,0.9209383145091226
0.5891647855530475,0.8433734939759037,0.8133971291866029,0.926829268292683
0.6717171717171717,0.9148936170212766,0.7880434782608696,0.9375
0.6388888888888888,0.8108326596604689,0.9382422802850356,0.9533632286995516
0.6213592233009708,0.8742949234488315,0.8097560975609757,0.9662337662337662
0.6258992805755397,0.8426150121065376,0.6852300242130751,0.856353591160221
0.6422018348623852,0.877742946708464,0.7523809523809524,0.9013657056145675
0.5854214123006835,0.8347895154884829,0.7592592592592593,0.8975571315996848
0.7570093457943925,0.8935298935298935,1.0,1.0
0.7425742574257426,0.8739746457867263,0.8743961352657005,0.9482895783611774
0.8709677419354839,0.9523809523809523,1.0,1.0
0.6741854636591479,0.9252336448598131,0.6741854636591479,0.9252336448598131
0.699421965317919,0.8938775510204081,0.8539325842696629,0.9765554553651938
0.7614678899082569,0.8939641109298532,0.7614678899082569,0.8939641109298532
0.5777262180974478,0.851363236587511,0.8712871287128713,0.9755868544600939
0.8773584905660378,0.9799691833590138,0.8773584905660378,0.9799691833590138
0.7155361050328227,0.8610301263362488,0.8285714285714285,0.9583778014941302
0.7052154195011338,0.8669767441860465,0.8206896551724139,0.9249278152069298
0.6517857142857142,0.9377494014365523,0.8120481927710843,0.9704321455648218
0.8602150537634409,0.9375600384245918,0.8602150537634409,0.9375600384245918
0.7630979498861048,0.9214840379637619,0.8770685579196217,0.945424013434089
0.7284595300261096,0.8807339449541284,0.8703241895261845,0.9523809523809523
0.7592592592592593,0.8640386162510056,0.9406392694063928,0.9882988298829883
0.7614678899082569,0.9272581934452439,0.880184331797235,0.9789644012944984
0.87,0.9808400884303611,0.87,0.9808400884303611
0.6616052060737527,0.7431796801505175,0.7729257641921398,0.7986447241045498
0.5825688073394495,0.8526591107236269,0.7523809523809524,0.9193976970770593
0.5747663551401869,0.8369905956112853,0.7475728155339806,0.8966613672496025
0.6852300242130751,0.8640776699029127,0.8025316455696203,0.8865454545454545
0.7523809523809524,0.9013657056145675,0.8755980861244019,0.9501151189562548
0.6741854636591479,0.8402024584237165,0.8743961352657005,0.9482895783611774
0.6941176470588235,0.8950554994954592,0.8125,0.95864262990456
0.9237536656891495,0.9883824843610366,0.9237536656891495,0.9883824843610366
0.6976744186046512,0.8282828282828283,0.8807339449541285,0.9437229437229437
0.649438202247191,0.9072164948453608,0.649438202247191,0.9072164948453608
0.6517857142857142,0.8018628281117697,0.8839285714285714,0.9101123595505618
0.4788418708240535,0.6758104738154613,0.7025171624713958,0.8125643666323378
0.625,0.8766798418972332,0.8649350649350649,0.9482895783611774
0.6253602305475505,0.8045977011494253,0.7765042979942693,0.8828828828828829
0.6422018348623854,0.8746987951807229,0.8743961352657005,0.9482895783611774
0.4620689655172413,0.7537490134175217,0.7630979498861048,0.9171974522292994
0.7827298050139275,0.9257849666983825,0.7827298050139275,0.9257849666983825
0.6157635467980296,0.8708609271523179,0.9306666666666666,0.9884853852967228
0.6994219653179191,0.9142318567389256,0.7636363636363637,0.9269662921348315
0.59375,0.7936507936507937,0.8285714285714285,0.9310344827586207
0.47415730337078643,0.8155156102175969,0.5697399527186762,0.8436632747456059
0.649438202247191,0.9067729083665339,0.7130242825607064,0.946852003270646
0.6157635467980296,0.8861313868613139,0.7438423645320198,0.9334308705193856
0.6571428571428571,0.7945205479452055,0.767337807606264,0.8952819332566168
0.6454545454545454,0.8410757946210269,0.7636363636363637,0.8932676518883416
0.5777262180974478,0.8403683806600153,0.6955503512880562,0.8881939014855356
0.8092909535452323,0.941747572815534,0.8755980861244019,0.9801980198019802
0.7052154195011338,0.8476987447698745,0.7052154195011338,0.8476987447698745
0.8074074074074075,0.8820861678004535,0.8737864077669903,0.9200614911606456
0.7694013303769401,0.9247311827956989,0.8251121076233183,0.9367909238249594
0.696969696969697,0.9057116953762466,0.696969696969697,0.9057116953762466
0.49514563106796117,0.8316373728029602,0.7211796246648794,0.912751677852349
0.7098214285714286,0.8336380255941499,0.7678571428571428,0.8775894538606402
0.5676959619952494,0.7099601593625497,0.6955503512880561,0.7853014037985135
0.6955503512880562,0.8853247794707297,0.8156028368794326,0.9362224039247752
0.61,0.776778413736713,0.6805896805896805,0.8172043010752688
0.7931034482758621,0.9695550351288056,0.856353591160221,0.9799382716049383
0.6213592233009708,0.8592057761732852,0.675,0.8719785138764548
0.8594594594594595,0.9805534779356769,0.8594594594594595,0.9805534779356769
0.8719211822660098,0.9494163424124513,1.0,1.0
0.7360406091370559,0.9297297297297298,0.865979381443299,0.9794466403162055
0.592841163310962,0.8127812781278128,0.7603686635944701,0.8806244260789715
0.8078817733990148,0.9397217928902628,0.9351620947630923,0.98973954222573
0.656084656084656,0.8746713409290097,0.9269662921348315,0.9874152952565344
0.7038724373576309,0.8540497193263833,0.8818181818181818,0.945424013434089
0.7438423645320198,0.8483965014577259,0.8106796116504854,0.8839285714285714
0.6478555304740405,0.9072164948453608,0.7552941176470589,0.9303749043611323
0.776824034334764,0.9099901088031652,0.8318965517241379,0.9242718446601942
0.6008771929824561,0.7929589270746018,0.7739130434782608,0.8876404494382022
0.7629179331306991,0.8890995260663507,0.8343949044585988,0.9018867924528302
0.699074074074074,0.8654750705550329,0.875,0.9368318756073858
0.5795148247978437,0.8992248062015504,0.7725947521865889,0.9651474530831099
0.6303317535545023,0.8508033664881408,0.6976744186046512,0.8885424785658612
0.7925531914893617,0.9088074824629774,0.7925531914893617,0.9088074824629774
0.7412935323383085,0.9605163249810175,0.8609625668449198,0.9807834441980784
0.7189189189189189,0.8741529525653436,0.8547486033519553,0.9331963001027749
0.7226666666666667,0.8754605747973471,1.0,1.0
0.6904761904761905,0.8828828828828829,0.8177570093457944,0.9653333333333334
0.5757575757575757,0.8398768283294842,0.7688888888888888,0.956989247311828
0.7052154195011338,0.9111870196413322,0.7668161434977578,0.953941541186891
0.5697399527186762,0.9032017870439315,0.7463414634146341,0.9617927994121969
0.5825688073394495,0.8686868686868687,0.7025171624713958,0.9191919191919192
0.7790368271954674,0.9661751951431049,0.9184952978056427,0.9888983774551665
0.4901960784313726,0.7726894254787677,0.6548672566371682,0.8379052369077307
0.7511961722488039,0.8985167837626854,0.8092909535452323,0.9099307159353349
0.5357142857142856,0.7257383966244726,0.6195121951219512,0.7494646680942184
0.6306818181818182,0.8976377952755905,0.6904761904761905,0.9110459433040078
0.5825688073394495,0.8377535101404057,0.7636363636363636,0.9260763606823721
0.6717171717171717,0.8198859005704972,0.9331619537275064,0.9510818438381938
0.7380352644836272,0.8994475138121547,0.9306666666666666,0.9847953216374269
0.8054862842892768,0.9302949061662198,0.9338422391857506,0.9879294336118849
0.7989690721649485,0.971386647101981,0.8624338624338624,0.9813352476669059
0.6438356164383562,0.7760459392945037,0.9417040358744395,0.9540636042402827
0.6782178217821782,0.8881939014855356,0.7947368421052632,0.9104820198928845
0.543859649122807,0.7040280210157618,0.6517857142857144,0.7728155339805824
0.7438423645320198,0.9049707602339181,0.8716049382716049,0.9521707137601177
0.5380710659898478,0.875,0.6408839779005525,0.9013282732447818
0.7845303867403315,0.967741935483871,0.7845303867403315,0.967741935483871
0.75,0.9198237885462555,1.0,1.0
0.6859903381642511,0.8649669499527857,0.8719211822660099,0.9727177334732424
0.6852300242130751,0.8624338624338624,0.7511961722488039,0.8985167837626854
0.5825688073394495,0.8973143759873617,0.7523809523809524,0.9588607594936709
0.6640826873385013,0.8995169082125604,0.6640826873385013,0.8995169082125604
0.7603686635944701,0.9278350515463918,0.8169014084507042,0.9391575663026521
0.6852300242130751,0.8640776699029127,0.8785046728971962,0.9785655399835119
0.4247787610619469,0.65,0.6578947368421053,0.8040201005025125
0.6034858387799564,0.7901444350042481,0.6034858387799564,0.7901444350042481
0.7052154195011338,0.8828828828828829,0.8823529411764706,0.9775862068965517
0.7386934673366834,0.9307984790874525,0.8602150537634409,0.9517446176688938
0.6176470588235293,0.9027431421446384,0.6176470588235293,0.9027431421446384
0.7880434782608696,0.9587301587301588,0.8531073446327684,0.9727177334732424
0.6852300242130751,0.87973086627418,0.9321148825065274,0.955593509820666
0.5550122249388754,0.7497812773403325,0.8074074074074074,0.9128491620111732
0.7511961722488039,0.8863636363636364,0.8734793187347932,0.9411764705882353
0.7078651685393258,0.9171974522292994,0.9155844155844156,0.9535714285714286
0.8,0.926829268292683,1.0,1.0
0.806930693069307,0.9388714733542319,0.806930693069307,0.9388714733542319
0.6222760290556901,0.8254252461951656,0.7425742574257426,0.8783910196445276
0.4901960784313725,0.696969696969697,0.7312661498708011,0.8589147286821706
0.4408602150537635,0.7901444350042481,0.6119402985074627,0.8850574712643678
0.8120481927710843,0.912751677852349,0.8767772511848342,0.950419527078566
0.755868544600939,0.9238493723849373,0.9365853658536585,0.9889549702633815
0.856353591160221,0.9799382716049383,0.856353591160221,0.9799382716049383
0.699074074074074,0.8828828828828829,0.8823529411764706,0.9784232365145228
0.5656324582338901,0.8734082397003745,0.5656324582338901,0.8734082397003745
0.6405529953917051,0.9407744874715263,0.7463414634146341,0.9619047619047619
0.6138613861386139,0.7700084245998315,0.8015267175572519,0.8543417366946778
0.528344671201814,0.8045977011494253,0.5787037037037037,0.8181818181818181
0.7104677060133631,0.8684452621895125,0.8243243243243243,0.9259962049335864
0.5593220338983051,0.8482490272373541,0.715068493150685,0.9151910531220876
0.8823529411764706,0.9783513738551207,0.9403669724770642,0.9893704006541292
0.6320754716981132,0.8800922367409685,0.7625570776255708,0.9575510204081633
0.4620689655172414,0.7917620137299771,0.5272727272727273,0.8258471237194641
0.6733668341708543,0.924963924963925,0.7903225806451613,0.9453781512605042
0.6388888888888888,0.8729641693811075,0.8186046511627907,0.9659982563208369
0.7851239669421488,0.9570957095709571,0.7851239669421488,0.9570957095709571
0.7432098765432098,0.9244813278008299,0.8097560975609757,0.9662337662337662
0.5635491606714629,0.8187820983125459,0.6955503512880562,0.8881939014855356
0.6312056737588653,0.7814251401120896,0.9406392694063928,0.9559322033898305
0.6294536817102139,0.8963684676705048,0.748792270531401,0.9524245196706312
0.8074074074074074,0.9319965126416739,0.8074074074074074,0.9319965126416739
0.6320754716981132,0.8811881188118812,0.6875,0.8932038834951457
0.6852300242130751,0.8624338624338624,0.8743961352657005,0.9482895783611774
0.7058823529411764,0.8536977491961415,0.8266666666666667,0.9338983050847458
0.6962616822429907,0.8593508500772797,0.8818181818181818,0.9778534923339012
0.7011494252873562,0.9176563737133808,0.7668161434977578,0.9583666933546837
0.5747663551401869,0.8369905956112853,0.7475728155339806,0.8966613672496025
0.5357142857142858,0.8422876949740035,0.6470588235294117,0.8956289027653881
0.6852300242130751,0.8941524796447076,0.9367396593673966,0.9902475618904726
0.6533333333333333,0.8551165146909827,0.9259259259259259,0.9850057670126874
0.7085201793721974,0.9394221808014912,0.7614678899082569,0.9522058823529411
0.40909090909090917,0.7893231649189705,0.70917225950783,0.9039704524469068
0.6882494004796164,0.8366592756836659,0.8115942028985508,0.8828828828828829
0.5336322869955157,0.8392226148409894,0.6976744186046512,0.9066427289048474
0.592841163310962,0.7812828601472135,0.7614678899082569,0.8923076923076922
0.796875,0.9335604770017035,0.865979381443299,0.9767441860465116
0.6312056737588652,0.9298245614035088,0.7851239669421487,0.9649122807017544
0.6517857142857142,0.8337595907928389,0.8251121076233183,0.9292196007259528
0.6852300242130751,0.8624338624338624,0.8092909535452323,0.9099307159353349
0.7481840193704601,0.928402832415421,0.7481840193704601,0.928402832415421
0.6700507614213198,0.8683068017366136,0.7994858611825193,0.9136531365313653
0.8251121076233183,0.9668649107901445,0.8823529411764706,0.9784232365145228
0.8652849740932642,0.9815471965933286,0.8652849740932642,0.9815471965933286
0.87,0.9749276759884281,0.87,0.9749276759884281
0.9329896907216495,0.9903632320237212,0.9329896907216495,0.9903632320237212
0.7052154195011338,0.913549459684123,0.8156028368794326,0.937046004842615
0.8198614318706697,0.9694117647058823,0.8773584905660378,0.9799691833590138
0.8092909535452323,0.8799076212471132,0.9373493975903614,0.9569179784589892
0.637883008356546,0.8631578947368421,0.7745664739884393,0.9205702647657841
0.6990740740740742,0.8103004291845494,0.7587006960556845,0.8478847884788479
0.7614678899082569,0.8969072164948454,0.8804597701149426,0.9479583666933546
0.6533333333333333,0.8088235294117647,0.7709251101321586,0.8871527777777778
0.6040609137055838,0.8536585365853658,0.6040609137055838,0.8536585365853658
0.5806451612903225,0.9106529209621993,0.6563876651982379,0.9326424870466321
0.74,0.9312169312169312,0.7989690721649485,0.9418777943368107
0.6026200873362446,0.8505747126436781,0.7136563876651982,0.9057971014492754
0.6486486486486486,0.8410757946210269,0.8247191011235955,0.9333902647309992
0.6623376623376622,0.7864963503649636,0.7734204793028322,0.8419083255378859
0.8020304568527918,0.9155234657039711,0.8703241895261845,0.9517446176688938
0.9257142857142857,0.9912693082605776,0.9257142857142857,0.9912693082605776
0.6408839779005525,0.8443960826985855,0.844311377245509,0.9237983587338804
0.7058823529411764,0.8845843422114609,0.767337807606264,0.9244813278008299
0.6889952153110048,0.9223880597014925,0.7450980392156863,0.9333333333333333
0.6897374701670644,0.9220973782771535,0.7463414634146341,0.9332355099046221
0.6397228637413395,0.8415922014622258,0.701834862385321,0.8793248945147679
0.6346604215456675,0.8387096774193549,0.7587006960556845,0.9176470588235294
0.6926713947990544,0.8092443140132062,0.9402298850574713,0.9570602807597027
0.6875,0.8932038834951457,0.7552941176470589,0.9306930693069306
0.6195121951219512,0.9073634204275535,0.7360406091370558,0.9313207547169812
0.7226666666666667,0.9331373989713446,0.7839335180055402,0.943437273386512
0.7127071823204421,0.9544259421560035,0.7127071823204421,0.9544259421560035
0.7058823529411764,0.8845843422114609,0.8804597701149426,0.9479583666933546
0.8092909535452323,0.9110266159695818,0.8092909535452323,0.9110266159695818
0.7880434782608696,0.9375,0.8531073446327684,0.9484536082474226
0.4511873350923483,0.8007213706041478,0.5979381443298969,0.8637554585152838
0.7688888888888888,0.890295358649789,0.8278145695364238,0.9319965126416739
0.8737864077669903,0.9792,0.8737864077669903,0.9792
0.8594594594594595,0.9746341463414634,0.9269662921348315,0.9874152952565344
0.7111111111111112,0.91875,0.8102189781021898,0.9707207207207207
0.6422018348623854,0.9110266159695818,0.70917225950783,0.9497293116782676
0.7683741648106904,0.8602150537634409,0.8852097130242825,0.9428320140721196
0.5973451327433629,0.7651888341543513,0.7678571428571428,0.8289473684210527
0.696969696969697,0.8282828282828283,0.8223234624145785,0.9052631578947369
0.6758104738154613,0.8598922247882987,0.8743961352657005,0.9497293116782676
0.6941176470588235,0.8540497193263834,0.8770685579196218,0.9444918872758327
0.7925531914893618,0.9728601252609603,0.856353591160221,0.9821917808219178
0.6844660194174756,0.935064935064935,0.7386934673366834,0.9484638255698712
0.7511961722488039,0.900611620795107,0.8106796116504854,0.9123595505617977
0.6948356807511737,0.9162640901771336,0.8731707317073171,0.9788961038961039
0.7587006960556845,0.9176470588235294,0.8773584905660378,0.975609756097561
0.6388888888888888,0.8108326596604689,0.8761904761904762,0.9107296137339056
0.7897574123989218,0.9193381592554292,0.8602150537634409,0.9711431742508324
0.701834862385321,0.8793248945147679,0.880184331797235,0.9765554553651938
0.7529691211401426,0.8712871287128713,0.8755980861244019,0.9195046439628483
0.5063291139240507,0.6776859504132231,0.6127659574468085,0.7450980392156863
0.8649350649350649,0.9482895783611774,1.0,1.0
0.6438356164383562,0.8130990415335463,0.8211009174311926,0.9009314140558848
0.8142857142857143,0.9285714285714286,0.8767772511848341,0.975
0.6213592233009708,0.8742949234488315,0.8693467336683417,0.9777587681779298
0.8156028368794326,0.9378486055776892,0.8156028368794326,0.9378486055776892
0.7386934673366834,0.9015151515151515,0.7984496124031008,0.912490650710546
0.7592592592592593,0.8640386162510056,0.8785046728971962,0.9144736842105263
0.8235294117647058,0.8686868686868687,0.8828828828828829,0.9103448275862069
0.9269662921348315,0.9874152952565344,0.9269662921348315,0.9874152952565344
0.6821515892420538,0.8902532617037605,0.6821515892420538,0.8902532617037605
0.8064516129032258,0.9696024941543258,0.8686868686868687,0.9802581624905087
0.7603686635944701,0.9572368421052632,0.8737864077669903,0.9792
0.7091722595078299,0.8162926018287615,0.8839285714285714,0.9101123595505618
0.7614678899082569,0.9522058823529411,0.8169014084507042,0.9646418857660924
0.5835240274599542,0.8983580922595777,0.5835240274599542,0.8983580922595777
0.5767441860465117,0.8414634146341463,0.8755980861244019,0.9501151189562548
0.6533333333333333,0.9012658227848102,0.8156028368794326,0.937046004842615
0.6608695652173913,0.8594594594594595,0.6608695652173913,0.8594594594594595
0.6034858387799564,0.7425742574257426,0.825503355704698,0.9172852598091199
0.8025316455696203,0.8865454545454545,0.9358024691358025,0.959721146398141
0.7614678899082569,0.9272581934452439,0.8235294117647058,0.9679012345679012
0.6882494004796164,0.8366592756836659,0.8755980861244019,0.9195046439628483
0.6926713947990544,0.9050228310502283,0.7475728155339806,0.9177958446251129
0.7284595300261096,0.9346733668341709,0.8010204081632653,0.9711324944485566
0.6836982968369829,0.8917486752460257,0.8773584905660378,0.9801526717557252
0.6632124352331606,0.8465430016863407,0.8624338624338624,0.9395348837209302
0.8156028368794326,0.937046004842615,0.8743961352657005,0.9482895783611774
0.7463414634146341,0.8985167837626854,0.9385342789598109,0.9898039215686274
0.42731277533039647,0.7389558232931728,0.7098214285714286,0.8753269398430689
0.7277486910994765,0.9263157894736842,0.7277486910994765,0.9263157894736842
0.8586956521739131,0.9802731411229135,0.9263456090651558,0.9902475618904726
0.8712871287128713,0.9235294117647059,0.8712871287128713,0.9235294117647059
0.7045454545454546,0.8493377483443708,0.8243243243243243,0.9303571428571429
0.59375,0.8577939835916135,0.856353591160221,0.9737108190091001
0.755868544600939,0.8633791430881164,0.9414414414414415,0.9889549702633815
0.7072072072072072,0.8417391304347825,0.8202764976958525,0.8677966101694915
0.8518518518518519,0.953998584571833,0.8518518518518519,0.953998584571833
0.696969696969697,0.8764044943820225,0.8773584905660378,0.975609756097561
0.6741854636591479,0.9250180245133381,0.6741854636591479,0.9250180245133381
0.45833333333333337,0.7878787878787878,0.5727699530516431,0.8341307814992025
0.8156028368794326,0.9378486055776892,0.9379474940334129,0.9894394800974817
0.7211796246648794,0.912751677852349,0.7211796246648794,0.912751677852349
0.6462585034013606,0.9072164948453608,0.6997690531177829,0.9191919191919192
0.47058823529411764,0.813753581661891,0.8040201005025126,0.9595015576323987
0.7425742574257426,0.9326424870466321,0.8010204081632653,0.9430656934306569
0.6060606060606061,0.7542288557213931,0.7729257641921398,0.828774062816616
0.7914438502673797,0.9458333333333333,0.9306666666666666,0.990990990990991
0.5251141552511416,0.7673151750972763,0.7058823529411764,0.8536977491961415
0.6623376623376623,0.9027431421446384,0.6623376623376623,0.9027431421446384
0.7149122807017544,0.908289241622575,0.7149122807017544,0.908289241622575
0.6129032258064516,0.8552338530066815,0.806930693069307,0.9388714733542319
0.7412935323383085,0.8410159924741298,0.9335038363171355,0.9450897571277719
0.8138424821002387,0.9382422802850356,0.9385342789598109,0.9898039215686274
0.6844660194174758,0.9202453987730062,0.8088235294117647,0.9696024941543258
0.5571776155717761,0.8846495119787046,0.6587926509186351,0.909328683522232
0.7425742574257426,0.8754605747973471,0.8743961352657005,0.9489395129615082
0.8725490196078431,0.9809104258443465,0.8725490196078431,0.9809104258443465
0.717391304347826,0.8544358311800172,0.8602150537634409,0.9375600384245918
0.8202764976958525,0.902418682235196,0.9395348837209302,0.9556313993174061
0.6955503512880562,0.8735632183908046,0.8734793187347932,0.9411764705882353
0.6683673469387755,0.8311688311688312,0.7952755905511811,0.8854064642507345
0.6198830409356725,0.8728888888888889,0.7636363636363637,0.9269662921348315
0.5388026607538803,0.8192968111201963,0.7719298245614035,0.9536541889483066
0.7614678899082569,0.9272581934452439,0.8177570093457944,0.9386792452830188
1.0,1.0,1.0,1.0
0.8488372093023255,0.9004784688995215,0.8488372093023255,0.9004784688995215
0.718004338394794,0.9108826049700085,0.776824034334764,0.9541041482789056
0.6983758700696056,0.8594594594594595,0.8804597701149426,0.9479583666933546
0.8010204081632653,0.9711324944485566,0.8624338624338624,0.9810080350620891
0.8092909535452323,0.8799076212471132,0.9373493975903614,0.9569179784589892
0.9365853658536585,0.9607250755287009,0.9365853658536585,0.9607250755287009
0.7438423645320197,0.9327420546932742,0.7438423645320197,0.9327420546932742
0.5593220338983051,0.8416013925152306,0.726890756302521,0.9410698096101541
0.5979381443298969,0.8409785932721713,0.7234042553191489,0.9011943539630836
0.6852300242130751,0.8058252427184466,0.8785046728971962,0.9175257731958762
0.7219251336898396,0.8585774058577406,0.9289617486338798,0.9520295202952029
0.8190255220417634,0.9620253164556962,0.8767772511848341,0.975
0.7052154195011338,0.8726625111308994,0.8785046728971962,0.9409627611262489
0.7475728155339806,0.8966613672496025,0.8125,0.9355371900826446
0.7614678899082569,0.8969072164948454,0.8186046511627907,0.9088074824629774
0.6176470588235294,0.8316546762589928,0.7523809523809524,0.9013657056145675
0.6355140186915887,0.8809160305343511,0.8206896551724138,0.9692671394799054
0.7373737373737373,0.8698999230177059,0.8049999999999999,0.9064748201438849
0.6919431279620853,0.8071216617210683,0.8169014084507042,0.8761904761904762
0.6640826873385013,0.8644825018615041,0.8586956521739131,0.9212717638152914
0.6782178217821782,0.8631578947368421,0.8142857142857143,0.9391575663026521
0.7796610169491526,0.912621359223301,0.8555555555555555,0.9494949494949495
0.7668161434977578,0.8927392739273927,0.8266666666666667,0.9338983050847458
0.6422018348623854,0.8730675345809602,0.6422018348623854,0.8730675345809602
0.52183908045977,0.7502088554720134,0.70917225950783,0.8728888888888889
0.8676844783715012,0.9508692365835223,0.9356435643564356,0.9900687547746372
0.8173302107728337,0.96,0.8173302107728337,0.96
0.7346938775510203,0.9589257503949447,0.856353591160221,0.9799382716049383
0.7305699481865284,0.9084507042253521,0.9343434343434344,0.9906407487401008
0.4117647058823529,0.779320987654321,0.8235294117647058,0.9679012345679012
0.5272727272727271,0.8556701030927836,0.6875,0.8932038834951457
0.7886178861788617,0.9447200566973778,0.9285714285714286,0.9906272530641673
0.48571428571428577,0.8111380145278451,0.6623376623376623,0.9027431421446384
0.5835240274599542,0.7818459191456903,0.6454545454545455,0.8161822466614297
0.7058823529411764,0.8845843422114609,0.8231292517006803,0.9364303178484108
0.6955503512880562,0.8867775138558986,0.9379474940334129,0.9893004115226337
0.5582524271844661,0.7166521360069746,0.9331619537275064,0.93681652490887
0.6020408163265306,0.8173302107728337,0.6708860759493671,0.8516707416462918
0.6422018348623854,0.8713932399010718,0.6422018348623854,0.8713932399010718
0.675,0.8719785138764548,0.7925531914893617,0.8969162995594714
0.7284595300261096,0.8791994281629736,0.7284595300261096,0.8791994281629736
0.571764705882353,0.7926221335992023,0.7438423645320198,0.864158829676071
0.6821515892420538,0.8902532617037605,0.806930693069307,0.9388714733542319
0.6303317535545023,0.9088074824629774,0.8133971291866029,0.9706546275395034
0.6346604215456675,0.8387096774193549,0.8706467661691543,0.9130434782608696
0.8452380952380952,0.9461474730737365,0.8452380952380952,0.9461474730737365
0.7204301075268817,0.9610778443113772,0.7808988764044944,0.9711751662971175
0.6446469248291572,0.8458498023715415,0.7636363636363637,0.8969889064976229
0.6813725490196079,0.9202453987730062,0.7523809523809524,0.9596273291925466
0.5392405063291139,0.8777046095954845,0.7189189189189189,0.9492682926829268
0.6372093023255814,0.9394409937888198,0.6882494004796164,0.9503437738731857
0.6060606060606061,0.845662100456621,0.8281938325991189,0.962536023054755
0.7952755905511811,0.8854064642507345,0.7952755905511811,0.8854064642507345
0.6912114014251782,0.7989080982711556,0.937046004842615,0.9848661233993015
0.711111111111111,0.9584664536741214,0.711111111111111,0.9584664536741214
0.7270341207349081,0.9156626506024097,0.796875,0.9616519174041298
0.6912114014251782,0.8282828282828283,0.9399538106235565,0.9578947368421052
0.7984496124031008,0.8676844783715013,1.0,1.0
0.745721271393643,0.9259560618388935,0.8649350649350649,0.9482895783611774
0.8106796116504854,0.912621359223301,0.9365853658536585,0.9607250755287009
0.8785046728971962,0.9782790309106099,0.9379474940334129,0.9893004115226337
0.4823008849557523,0.7954545454545454,0.8767772511848341,0.975
0.592841163310962,0.83266291230893,0.8844444444444445,0.9780590717299578
0.6060606060606061,0.8804597701149426,0.7333333333333334,0.9286274509803921
0.8586956521739131,0.9802731411229135,1.0,1.0
0.701834862385321,0.9,0.7564402810304449,0.9135802469135803
0.7052154195011338,0.8726625111308994,0.8239277652370203,0.9618768328445748
0.6919431279620853,0.8849557522123894,0.8125,0.9355371900826446
0.8211009174311926,0.9009314140558848,0.8812785388127854,0.9428320140721196
0.5325842696629213,0.756316218418908,0.8266666666666667,0.9012658227848102
0.5656324582338901,0.8331996792301524,0.6926713947990544,0.886417791898332
0.7752161383285302,0.9401381427475057,0.9230769230769231,0.9896907216494846
0.5737704918032787,0.8173836698858647,0.8731707317073171,0.9736040609137055
0.6919431279620853,0.9515287099179717,0.8040201005025126,0.9719222462203023
0.8785046728971962,0.9787928221859706,0.8785046728971962,0.9787928221859706
0.7386934673366834,0.9600307455803229,0.796875,0.9704321455648218
0.6517857142857142,0.870216306156406,0.821917808219178,0.9349999999999999
0.8602150537634409,0.9711431742508324,0.9275766016713092,0.9856670341786108
0.8020304568527918,0.9147851420247632,0.8703241895261845,0.951310861423221
0.703872437357631,0.8845843422114609,0.8227272727272728,0.9368932038834952
0.7570093457943925,0.8899237933954276,0.8190255220417634,0.9312775330396476
0.74,0.9312169312169312,0.7989690721649485,0.9418777943368107
0.6422018348623852,0.8770685579196218,0.6422018348623852,0.8770685579196218
0.9402298850574713,0.9570602807597027,1.0,1.0
0.5478260869565217,0.7739130434782608,0.6666666666666667,0.8584392014519057
0.8258928571428572,0.8976377952755905,0.8841870824053453,0.9409627611262489
0.508274231678487,0.8316831683168316,0.7552941176470589,0.9306930693069306
0.5787037037037037,0.811017597551645,0.8804597701149426,0.9479583666933546
0.5656324582338901,0.8230366492146597,0.7979274611398963,0.9144736842105263
0.8539325842696629,0.9765554553651938,0.8539325842696629,0.9765554553651938
0.8181818181818181,0.9092319627618308,0.8804597701149425,0.9484536082474226
0.8156028368794326,0.9378486055776892,0.8743961352657005,0.9489395129615082
0.8785046728971962,0.9175257731958762,1.0,1.0
0.796875,0.8645833333333334,0.935,0.954225352112676
0.792,0.9726315789473684,0.9246376811594204,0.9911262798634812
0.5825688073394495,0.8252100840336134,0.7123893805309736,0.9101899827288429
0.750599520383693,0.9287392325763508,1.0,1.0
0.5367483296213809,0.8181069958847736,0.8293216630196937,0.9669771380186283
0.7587006960556845,0.8478847884788479,1.0,1.0
0.8097560975609757,0.9699306090979183,0.8693467336683417,0.9802431610942249
0.7475728155339806,0.9177958446251129,0.8712871287128713,0.9755868544600939
0.6913946587537092,0.9247311827956989,0.7790368271954674,0.967741935483871
0.803030303030303,0.9158878504672897,0.8716049382716049,0.9523809523809523
0.4620689655172413,0.7942727957799548,0.7333333333333334,0.8532110091743119
0.8186046511627907,0.9088074824629774,0.8804597701149426,0.9479583666933546
0.6632124352331606,0.8465430016863407,0.9289617486338798,0.9520295202952029
0.6919431279620853,0.8593508500772797,0.8818181818181818,0.9785123966942149
0.5635491606714629,0.8432554634513941,0.7625570776255708,0.957131079967024
0.9207317073170732,0.9876072449952336,1.0,1.0
0.7475728155339806,0.9004594180704442,0.8743961352657005,0.9503437738731857
0.7305699481865284,0.9522497704315886,0.7897574123989218,0.9645131938125568
0.6859903381642511,0.8927231807951989,0.8755980861244019,0.9796397807361003
0.6782178217821782,0.9326424870466321,0.856353591160221,0.9737108190091001
0.7305699481865284,0.9522497704315886,0.7897574123989218,0.9645131938125568
0.8120481927710843,0.8841870824053453,1.0,1.0
0.5747663551401869,0.864908073541167,0.745721271393643,0.9259560618388935
0.5910112359550561,0.8470588235294118,0.7575757575757576,0.9156626506024097
0.649438202247191,0.8456057007125891,0.7724288840262582,0.9246064623032312
0.6733668341708543,0.9047619047619048,0.7298701298701298,0.9174977334542158
0.8015267175572519,0.9436008676789588,0.8645833333333334,0.9539333805811481
0.7765042979942693,0.9702517162471396,0.9174603174603175,0.9902912621359223
0.5428571428571429,0.8761904761904762,0.6397228637413395,0.9015979814970564
0.7652370203160271,0.8592839300582847,0.8818181818181818,0.9116397621070518
0.6176470588235294,0.8308308308308309,0.6708860759493671,0.8467583497053045
0.6533333333333333,0.8064516129032258,0.767337807606264,0.8573839662447258
0.87,0.9804511278195489,0.9329896907216495,0.9903632320237212
0.8761904761904762,0.9207920792079208,0.8761904761904762,0.9207920792079208
0.7211796246648794,0.912751677852349,0.7211796246648794,0.912751677852349
0.8531073446327684,0.9494163424124513,0.8531073446327684,0.9494163424124513
0.5678670360110804,0.8961845607808341,0.5678670360110804,0.8961845607808341
0.6109725685785536,0.854586129753915,0.7529691211401426,0.930053804765565
0.7277486910994764,0.8891730605285593,0.8015267175572519,0.9331619537275064
0.699074074074074,0.9477911646586346,0.7523809523809524,0.9588607594936709
0.6805896805896805,0.8849557522123894,0.7412935323383084,0.8978790259230165
0.6303317535545023,0.8487199379363848,0.6852300242130751,0.8607498087222647
0.6955503512880562,0.8867775138558986,0.7511961722488039,0.8985167837626854
0.6111111111111112,0.8900169204737732,0.6623376623376623,0.9032258064516129
0.696969696969697,0.8764044943820225,0.8151658767772512,0.9302325581395349
0.7226666666666667,0.9331373989713446,0.7839335180055402,0.943437273386512
0.7517899761336515,0.8373435996150145,1.0,1.0
0.6080402010050252,0.8343245539507222,0.9289617486338798,0.9520295202952029
0.5844748858447488,0.8070500927643784,0.7535545023696683,0.8754789272030651
0.6320754716981132,0.8822641509433962,0.6983758700696056,0.9191919191919192
0.6430205949656751,0.8468185388845247,0.7614678899082569,0.8969072164948454
0.46453089244851253,0.8164705882352942,0.46453089244851253,0.8164705882352942
0.7868852459016393,0.9166072701354241,0.8624338624338624,0.9531362653208364
0.8138424821002387,0.9382422802850356,0.8785046728971962,0.9791164658634538
0.7493975903614458,0.9277204130262113,0.806930693069307,0.9388714733542319
0.592841163310962,0.8086476540938362,0.7052154195011338,0.8639391056137012
0.75,0.9198237885462555,0.8074074074074074,0.9319965126416739
0.8787878787878788,0.9472830494728305,0.9383886255924171,0.9584664536741214
0.7529691211401426,0.8712871287128713,0.9383886255924171,0.9584664536741214
0.8712871287128713,0.9809663250366032,0.934010152284264,0.9906542056074766
0.5495049504950495,0.8165784832451499,0.796875,0.9244186046511628
0.6782178217821782,0.8881939014855356,0.9302949061662198,0.959087332808812
0.5806451612903226,0.8222222222222222,0.7511961722488039,0.8863636363636364
0.8624338624338624,0.924198250728863,0.8624338624338624,0.924198250728863
0.5418502202643172,0.8504519309778142,0.6997690531177829,0.8890612878200155
0.6829268292682926,0.8522727272727273,0.8770685579196217,0.9471974004874086
0.5458515283842794,0.8119148936170213,0.6517857142857144,0.8395061728395061
0.6859903381642511,0.8655834564254062,0.8106796116504854,0.912621359223301
0.731958762886598,0.8845470692717584,0.8,0.926829268292683
0.6517857142857142,0.8337595907928389,0.711111111111111,0.8733392382639504
0.6805896805896805,0.8849557522123894,0.8761904761904762,0.978981406628941
0.5185185185185186,0.8150627615062762,0.6976744186046512,0.9066427289048474
0.7450980392156863,0.9333333333333333,0.8133971291866029,0.9708302169035153
0.7253521126760564,0.9224652087475149,0.8037735849056604,0.9355797819623389
0.7511961722488039,0.899768696993061,0.8092909535452323,0.9110266159695818
0.6997690531177829,0.9191919191919192,0.8779342723004695,0.9801980198019802
0.6185819070904646,0.8577680525164114,0.7552941176470589,0.9303749043611323
0.6138613861386139,0.8692372170997485,0.6683673469387755,0.8815244407622204
0.6422018348623852,0.8770685579196218,0.8181818181818181,0.9393939393939394
0.8078817733990148,0.9122280570142536,1.0,1.0
0.6912114014251782,0.9510910458991724,0.7450980392156863,0.9614814814814815
0.6941176470588235,0.8233413269384492,0.8785046728971962,0.9409627611262489
0.4788418708240535,0.8202764976958525,0.7535545023696683,0.9486673247778875
0.5777262180974478,0.8383838383838383,0.7511961722488039,0.8985167837626854
0.8652849740932642,0.981651376146789,0.8652849740932642,0.981651376146789
0.8025316455696203,0.9436008676789588,0.9338422391857506,0.9905178701677607
0.5666666666666667,0.9291828793774319,0.7204301075268817,0.9610778443113772
0.6844660194174758,0.8932038834951457,0.8186046511627907,0.9696969696969697
0.6438356164383562,0.7581930912311781,0.8779342723004695,0.927536231884058
0.7771428571428571,0.898876404494382,1.0,1.0
0.7903225806451613,0.8898305084745762,0.9322916666666666,0.9608433734939759
0.7386934673366834,0.9600307455803229,0.7386934673366834,0.9600307455803229
0.868020304568528,0.9439171699741156,1.0,1.0
0.776824034334764,0.9513564078578111,0.8308026030368764,0.9641873278236914
0.7529691211401426,0.9290724863600935,0.8177570093457944,0.9686746987951808
0.5251141552511416,0.7976653696498055,0.7058823529411764,0.8845843422114609
0.7098214285714286,0.8753269398430689,0.8812785388127854,0.9428320140721196
0.8652849740932642,0.9815471965933286,0.8652849740932642,0.9815471965933286
0.7603686635944701,0.8831985624438454,0.9393939393939394,0.9873417721518988
0.7709251101321586,0.8755980861244019,0.8849557522123894,0.9727177334732424
0.7994858611825193,0.943437273386512,1.0,1.0
0.550755939524838,0.8817204301075269,0.7130242825607064,0.946852003270646
0.8106796116504854,0.912621359223301,0.8106796116504854,0.912621359223301
0.7630979498861048,0.9241034195162635,0.8823529411764706,0.9784232365145228
0.5251141552511415,0.7993827160493827,0.703872437357631,0.8842105263157894
0.45707656612529,0.8423605497170574,0.6897374701670644,0.9447748513169074
0.9388235294117647,0.9898832684824903,1.0,1.0
0.8049999999999999,0.875,0.8706467661691543,0.9130434782608696
0.6563876651982379,0.8077239112571898,0.8884120171673819,0.9762989972652689
0.8020304568527918,0.9440459110473458,0.9304812834224598,0.96398891966759
0.8787878787878788,0.948535233570863,0.9386792452830188,0.9596273291925466
0.7052154195011338,0.8828828828828829,0.7662921348314606,0.9229466553767993
0.672544080604534,0.8764044943820225,0.8074074074074074,0.9342881213142376
0.731958762886598,0.8845470692717584,0.8624338624338624,0.9395348837209302
0.6502242152466368,0.8089795918367346,0.8818181818181818,0.9116397621070518
0.6312056737588653,0.8314606741573034,0.8133971291866029,0.926829268292683
0.5863636363636364,0.7550866616428034,0.8818181818181818,0.9116397621070518
0.7481840193704601,0.9266720386784851,0.8725490196078431,0.9785831960461285
0.4491525423728814,0.766029246344207,0.6077586206896552,0.8852459016393442
0.6517857142857144,0.849566055930569,0.6517857142857144,0.849566055930569
0.6422018348623854,0.8757961783439491,0.8251121076233183,0.968421052631579
0.5315315315315317,0.766223612197029,0.7699115044247788,0.8922056384742952
0.7699115044247788,0.9076558800315706,1.0,1.0
0.6462585034013606,0.9072164948453608,0.8129496402877698,0.941747572815534
0.5377777777777777,0.7666068222621185,0.7136563876651982,0.8679593721144967
0.8142857142857143,0.9391575663026521,0.8743961352657005,0.9503437738731857
0.6593886462882096,0.7989690721649485,0.7729257641921397,0.8800738007380073
0.6517857142857142,0.8529688972667295,0.7052154195011338,0.8669767441860465
0.5991189427312775,0.8,0.7647058823529411,0.8433734939759037
0.6997690531177829,0.9191919191919192,0.8202764976958525,0.9696969696969697
0.6478555304740407,0.8302872062663186,0.70917225950783,0.8728888888888889
0.764172335600907,0.9043112513144059,0.8206896551724138,0.9190031152647975
0.796875,0.9335604770017035,0.865979381443299,0.9767441860465116
0.7167755991285403,0.9070598748882931,0.7709251101321586,0.9201053555750658
0.8649350649350649,0.9482895783611774,1.0,1.0
0.7652370203160271,0.8592839300582847,0.8243243243243243,0.8990509059534081
0.5747663551401869,0.7437275985663082,0.8142857142857143,0.910958904109589
0.5656324582338903,0.8169014084507042,0.6897374701670644,0.8644825018615041
0.5757575757575757,0.7998075072184794,0.9335038363171355,0.9450897571277719
0.7587006960556845,0.8478847884788479,0.9385342789598109,0.948768472906404
0.6422018348623852,0.8604651162790697,0.7575757575757576,0.9156626506024097
0.7052154195011338,0.8726625111308994,0.8206896551724139,0.9282428702851886
0.5787037037037037,0.8694779116465864,0.6813725490196079,0.8974358974358975
0.7891891891891891,0.8571428571428572,0.8594594594594595,0.8988326848249028
0.7694013303769401,0.9239766081871345,0.8289473684210527,0.9664660361134996
0.553921568627451,0.797270955165692,0.7305699481865285,0.8668032786885246
0.9329896907216495,0.9903632320237212,1.0,1.0
0.5991189427312775,0.8142857142857143,0.7657657657657658,0.8820326678765881
0.7438423645320198,0.9334308705193856,0.9343434343434344,0.9906407487401008
0.6578947368421053,0.7754318618042226,0.7699115044247788,0.8325074331020812
0.8125,0.9355371900826446,0.9365853658536585,0.9889549702633815
0.6462585034013605,0.9076558800315706,0.699074074074074,0.9193798449612403
0.7475728155339806,0.9177958446251129,0.9338422391857506,0.9879294336118849
0.6231884057971014,0.8125,0.8092909535452323,0.898876404494382
0.8177570093457944,0.9386792452830188,0.9389671361502347,0.9896579156722355
0.7425742574257426,0.9039172209903917,0.8703241895261845,0.951310861423221
0.7004608294930875,0.9190031152647975,0.8198614318706697,0.9694117647058823
0.6060606060606061,0.8970976253298153,0.7305699481865284,0.9522497704315886
0.7270341207349081,0.9156626506024097,0.9269662921348315,0.9874152952565344
0.6086021505376344,0.8901098901098901,0.7204301075268817,0.9447748513169074
0.6296296296296297,0.8054421768707483,0.8390092879256966,0.9016641452344932
0.675,0.8694404591104734,0.7450980392156863,0.9045521292217328
0.625,0.8463356973995272,0.6904761904761905,0.8828828828828829
0.6758104738154613,0.9471114727420668,0.7305699481865284,0.9581993569131833
0.6859903381642511,0.8649669499527857,0.8683544303797468,0.9363369245837414
0.5656324582338901,0.7221597300337458,0.8025316455696203,0.845442536327609
0.5777262180974478,0.7777777777777778,0.8138424821002386,0.8716049382716049
0.5272727272727273,0.7731239092495636,0.6478555304740407,0.8302872062663186
0.9373493975903614,0.9569179784589892,0.9373493975903614,0.9569179784589892
0.8173302107728337,0.9070691024622717,0.8173302107728337,0.9070691024622717
0.5560975609756098,0.8041237113402062,0.8125,0.9080911233307148
0.7412935323383085,0.8917568692756037,0.9321148825065274,0.955593509820666
0.8716049382716049,0.9523809523809523,0.8716049382716049,0.9523809523809523
0.6338028169014085,0.8239277652370203,0.7552941176470589,0.8716780561883067
0.7248677248677249,0.90559186637618,0.9275766016713092,0.9618488628026413
0.8673469387755102,0.9192546583850931,0.9343434343434344,0.9580645161290322
0.7284595300261096,0.9348604151753758,0.8631578947368421,0.9811866859623734
0.6398891966759002,0.8823045267489712,0.9237536656891495,0.9883824843610366
0.9343434343434344,0.9906407487401008,0.9343434343434344,0.9906407487401008
0.7683741648106904,0.8602150537634409,0.8852097130242825,0.9428320140721196
0.8737864077669903,0.9792,0.8737864077669903,0.9792
0.6542553191489362,0.8888888888888888,0.712707182320442,0.9
0.7647058823529411,0.9587628865979382,0.8202764976958525,0.9696969696969697
0.6596858638743456,0.865979381443299,0.9329896907216495,0.9622093023255814
0.5517241379310345,0.7590243902439024,0.6766169154228856,0.8391451068616422
0.6859903381642511,0.8927231807951989,0.9362745098039216,0.9899768696993061
0.44562899786780374,0.723874256584537,0.6694915254237288,0.8568807339449541
0.7438423645320198,0.8770909090909091,0.8755980861244019,0.9501151189562548
0.796875,0.9067729083665339,0.868020304568528,0.9477071600965407
0.6882494004796162,0.9465020576131687,0.7463414634146341,0.9583666933546837
0.7360406091370559,0.9297297297297298,0.865979381443299,0.9794466403162055
0.7072072072072073,0.8803347280334728,0.8839285714285714,0.9774696707105719
0.7481840193704601,0.9266720386784851,0.8059701492537313,0.9379968203497615
0.4375,0.6929133858267716,0.6312056737588653,0.7814251401120896
0.8115942028985508,0.8890995260663507,0.8743961352657005,0.934934934934935
0.5982339955849889,0.7946799667497921,0.5982339955849889,0.7946799667497921
0.5047619047619047,0.8383658969804618,0.6204379562043796,0.8917668825161887
0.43231441048034935,0.7943380516236469,0.5910112359550561,0.8585774058577406
0.7002881844380404,0.8613617719442166,0.8526912181303117,0.9406392694063926
0.7851239669421488,0.9570957095709571,1.0,1.0
0.7752161383285302,0.9401381427475057,0.8429003021148036,0.9505703422053232
0.74,0.9312169312169312,0.8686868686868687,0.9800307219662059
0.9257142857142857,0.9912693082605776,0.9257142857142857,0.9912693082605776
0.5495049504950495,0.865979381443299,0.7277486910994765,0.9263157894736842
0.6303317535545023,0.8505747126436782,0.8092909535452323,0.9099307159353349
0.5272727272727273,0.7971918876755071,0.8173302107728337,0.9070691024622717
0.5919282511210762,0.875,0.7045454545454545,0.9354518371400199
0.6813725490196079,0.8932038834951457,0.8703241895261845,0.9523809523809523
0.7925531914893618,0.9459084604715673,0.7925531914893618,0.9459084604715673
0.7438423645320197,0.9611940298507463,0.8015267175572519,0.9713445995591476
0.8223234624145785,0.9052631578947369,0.8828828828828829,0.946236559139785
0.7291666666666667,0.9078014184397163,0.7903225806451613,0.9181245626312107
0.7142857142857143,0.7845898922949461,0.8278145695364238,0.8620689655172413
0.6388888888888888,0.8811881188118812,0.7052154195011338,0.9191919191919192
0.7614678899082569,0.8755980861244019,0.8186046511627907,0.8893093661305582
0.7450980392156863,0.8767323121808899,0.9393939393939394,0.9898516783762685
0.8059701492537313,0.9408194233687405,0.9358024691358025,0.9902034664657121
0.8088235294117647,0.9410876132930514,0.8755980861244019,0.9800613496932515
0.7438423645320197,0.9335281227173119,0.8025316455696203,0.9439252336448598
0.6798029556650247,0.7822660098522167,0.9331619537275064,0.93681652490887
0.7517899761336515,0.9119070667957405,0.8731707317073171,0.9736040609137055
0.6596858638743456,0.865979381443299,0.8059701492537313,0.9408194233687405
0.7346938775510203,0.8994586233565351,0.8649350649350649,0.9482895783611774
0.4879649890590809,0.7987962166809974,0.5367483296213807,0.8125530110262935
0.6608695652173913,0.8235294117647058,0.7729257641921397,0.8800738007380073
0.9365853658536585,0.9607250755287009,1.0,1.0
0.8559556786703602,0.9554489376285127,1.0,1.0
0.5495049504950495,0.8165784832451499,0.5495049504950495,0.8165784832451499
0.6138613861386139,0.9010989010989011,0.6138613861386139,0.9010989010989011
0.7931034482758621,0.9695550351288056,0.9250720461095101,0.9900839054157132
0.7058823529411764,0.9161290322580645,0.7603686635944701,0.9278350515463918
0.8539325842696629,0.9818562456385206,0.8539325842696629,0.9818562456385206
0.5767441860465117,0.7842794759825327,0.8186046511627907,0.9576547231270358
0.6517857142857142,0.870216306156406,0.8173302107728337,0.9070691024622717
0.4693877551020408,0.7741935483870968,0.6955503512880562,0.8735632183908046
0.6338028169014085,0.9111617312072893,0.6875,0.9225037257824144
0.8190255220417634,0.9695550351288056,0.937046004842615,0.9902034664657121
0.515527950310559,0.8543417366946778,0.6687898089171974,0.8987012987012987
0.7085201793721974,0.9147540983606557,0.7699115044247788,0.956081081081081
0.7941952506596306,0.9655172413793104,0.9255014326647565,0.9887054735013032
0.6160337552742616,0.7015610651974289,0.8281938325991189,0.8707182320441988
0.7636363636363637,0.8962490023942538,0.8247191011235955,0.9360131255127153
0.37142857142857144,0.632183908045977,0.6623376623376622,0.788235294117647
0.4491525423728814,0.7283950617283951,0.6086021505376344,0.7998075072184793
0.6904761904761905,0.8828828828828829,0.8755980861244019,0.9771929824561404
0.6941176470588235,0.8563535911602209,0.8142857142857143,0.9054163298302345
0.516279069767442,0.8613861386138614,0.6355140186915887,0.9100691775557264
0.8115942028985508,0.9119638826185101,0.9389671361502347,0.9896579156722355
0.7219251336898396,0.9234650967199327,0.9209726443768997,0.9573420836751436
0.5844748858447488,0.8070500927643784,0.8151658767772512,0.9210526315789473
0.6578947368421053,0.8701082431307244,0.6578947368421053,0.8701082431307244
0.6320754716981132,0.8811881188118812,0.8755980861244019,0.9796397807361003
0.5272727272727273,0.8525121555915721,0.6413793103448275,0.9030654515327258
0.5495049504950495,0.8165784832451499,0.8602150537634409,0.9375600384245918
0.6285714285714286,0.813753581661891,0.87,0.9307774227902024
0.5882352941176471,0.8028731045490822,0.5882352941176471,0.8028731045490822
0.7255936675461742,0.9339143064633261,0.8609625668449198,0.9807834441980784
0.6077586206896552,0.7409420289855073,0.7748917748917749,0.8395061728395061
0.7529691211401426,0.9290724863600935,0.8177570093457944,0.9686746987951808
0.6514745308310992,0.8033012379642366,0.7189189189189189,0.8606431852986217
0.8743961352657005,0.9489395129615082,0.8743961352657005,0.9489395129615082
0.9302949061662198,0.959087332808812,1.0,1.0
0.8211009174311926,0.9057211925866236,0.9414414414414415,0.9889549702633815
0.5787037037037037,0.7897872340425531,0.8125,0.8921658986175115
0.5185185185185186,0.7683965917893106,0.6962616822429906,0.8306513409961686
0.7897574123989218,0.9645131938125568,0.7897574123989218,0.9645131938125568
0.6388888888888888,0.8108326596604689,0.8807339449541284,0.9749276759884281
0.8719211822660098,0.9809384164222874,0.8719211822660098,0.9809384164222874
0.5284974093264249,0.7551369863013698,0.7979274611398963,0.9144736842105263
0.4924078091106291,0.7586206896551724,0.6578947368421052,0.8514285714285714
0.5031847133757961,0.8654012079378774,0.5648535564853556,0.9072256913470116
0.6,0.9068577277379734,0.6486486486486487,0.9211324570273003
0.7614678899082569,0.9272581934452439,0.7614678899082569,0.9272581934452439
0.6454545454545455,0.8302872062663186,0.6454545454545455,0.8302872062663186
0.7523809523809524,0.8888888888888888,0.7523809523809524,0.8888888888888888
0.7511961722488039,0.8985167837626854,0.8743961352657005,0.9482895783611774
0.7298701298701299,0.9353233830845771,0.7298701298701299,0.9353233830845771
0.7851239669421488,0.9158576051779935,0.9259259259259259,0.9850057670126874
0.8571428571428572,0.9292035398230089,0.8571428571428572,0.9292035398230089
0.7004608294930875,0.9190031152647975,0.7552941176470589,0.9303749043611323
0.8040201005025126,0.8946894689468947,0.9331619537275064,0.9510818438381938
0.7117516629711752,0.8657276995305164,0.8251121076233183,0.9244186046511628
0.5825688073394495,0.8015267175572519,0.6962616822429906,0.8574277168494516
0.7018348623853211,0.8544,0.9403669724770642,0.9577922077922078
0.7511961722488039,0.8991466252909233,0.7511961722488039,0.8991466252909233
1.0,1.0,1.0,1.0
0.9230769230769231,0.9896907216494846,1.0,1.0
0.8703241895261845,0.9523809523809523,0.8703241895261845,0.9523809523809523
0.6285714285714286,0.9099307159353349,0.6836982968369829,0.9216277317256971
0.8106796116504854,0.8839285714285714,0.9386792452830188,0.9596273291925466
0.6422018348623854,0.8730675345809602,0.8156028368794326,0.9362224039247752
0.8177570093457944,0.9686746987951808,0.8755980861244019,0.9794466403162055
0.7142857142857143,0.841876629018245,0.8293216630196937,0.9268978444236177
0.5760869565217391,0.9299191374663073,0.7491961414790997,0.9656992084432717
0.6446469248291571,0.7885360185902401,0.883668903803132,0.9433304272013949
0.6462585034013605,0.9049553208773355,0.7529691211401426,0.928402832415421
0.7463414634146341,0.8948220064724919,0.8712871287128713,0.9459684123025769
0.5946547884187081,0.7912087912087912,0.8223234624145785,0.8952551477170994
0.6034858387799564,0.8536796536796537,0.7149122807017544,0.908289241622575
0.7994858611825193,0.9136531365313653,0.9322916666666666,0.9608433734939759
0.6630669546436285,0.8787564766839379,0.7161572052401746,0.8938775510204082
0.821917808219178,0.9349999999999999,0.821917808219178,0.9349999999999999
0.6320754716981132,0.8822641509433962,0.9362745098039216,0.9900687547746371
0.5806451612903226,0.78234398782344,0.6422018348623852,0.815748031496063
0.6919431279620853,0.9178515007898894,0.8164705882352941,0.9694117647058823
0.7475728155339806,0.8966613672496025,0.7475728155339806,0.8966613672496025
0.5863636363636364,0.8581024349286314,0.7004608294930876,0.9101899827288429
0.8488372093023255,0.9750479846449136,1.0,1.0
0.4717832957110609,0.7847286108555658,0.5910112359550561,0.8661174047373841
0.7104677060133631,0.8995169082125604,0.7647058823529411,0.9132507149666349
0.6941176470588235,0.8233413269384492,0.8785046728971962,0.9409627611262489
0.7270341207349081,0.9156626506024097,0.8526912181303117,0.9406392694063926
0.7523809523809524,0.9013657056145675,0.8796296296296297,0.9791332263242376
0.5656324582338901,0.7831690674753601,0.6941176470588235,0.8516707416462918
0.7541371158392435,0.8698999230177059,0.7541371158392435,0.8698999230177059
0.4926829268292683,0.7341513292433537,0.7305699481865285,0.8474178403755869
0.5272727272727273,0.7766323024054983,0.7547169811320754,0.8789571694599627
0.5757575757575757,0.864908073541167,0.6933962264150944,0.9150326797385621
0.6813725490196079,0.9202453987730062,0.8106796116504854,0.9704321455648218
0.8227272727272728,0.9368932038834952,0.8834080717488789,0.9784768211920529
0.9322916666666666,0.9608433734939759,1.0,1.0
0.5251141552511416,0.850328947368421,0.625,0.8752
0.755868544600939,0.9238493723849373,0.8125,0.9355371900826446
0.7886178861788617,0.945031712473573,0.8638743455497382,0.9814418272662384
0.8638743455497382,0.9814418272662384,0.9301075268817205,0.9909154437456325
0.8683544303797468,0.950419527078566,0.9351620947630923,0.98973954222573
0.7874659400544959,0.9282428702851886,0.8526912181303117,0.9406392694063926
0.8177570093457944,0.9386792452830188,0.9389671361502347,0.9896579156722355
0.59375,0.812199036918138,0.9289617486338798,0.9520295202952029
0.7386934673366834,0.9307984790874525,0.7974025974025974,0.941397445529677
0.49350649350649356,0.7324185248713551,0.6593886462882096,0.7989690721649485
0.6941176470588235,0.8198859005704972,0.8173302107728337,0.8961845607808341
0.6462585034013605,0.8418491484184915,0.7683741648106903,0.9210754553339116
0.7636363636363637,0.8900169204737732,0.8807339449541285,0.9437229437229437
0.8231292517006803,0.903861955628595,0.8828828828828829,0.9448685326547922
0.5229357798165137,0.8216303470540759,0.6486486486486487,0.8976377952755905
0.6276849642004773,0.791889007470651,0.8025316455696202,0.8366492146596858
0.7603686635944701,0.8666140489344909,0.7603686635944701,0.8666140489344909
0.8020304568527918,0.9155234657039711,0.8645833333333334,0.9259786476868328
0.7592592592592593,0.8975571315996848,0.9403669724770642,0.9893704006541292
0.7058823529411764,0.8222043443282381,0.8223234624145785,0.8720262510254306
0.672544080604534,0.8702779757662152,0.8703241895261845,0.9517446176688938
0.7851239669421487,0.886214442013129,0.9302949061662198,0.959087332808812
0.5891647855530475,0.8241758241758241,0.8828828828828829,0.946236559139785
0.7925531914893618,0.9728601252609603,0.7925531914893618,0.9728601252609603
0.6505376344086021,0.8239043824701195,0.8571428571428572,0.9090909090909091
0.7625570776255708,0.8350515463917526,1.0,1.0
0.8035264483627205,0.9102072141212586,0.9351620947630923,0.9604562737642586
0.7340153452685422,0.9196822594880847,0.8575342465753424,0.9437229437229437
0.6882494004796164,0.9126784214945424,0.8097560975609757,0.9662337662337662
0.8102189781021898,0.9130111524163569,0.9367396593673966,0.9611650485436893
0.9277777777777778,0.989247311827957,0.9277777777777778,0.989247311827957
0.7603686635944701,0.865979381443299,0.8828828828828829,0.946236559139785
0.6167076167076168,0.8583877995642701,0.6733668341708543,0.87
0.7699115044247788,0.9076558800315706,0.8488372093023255,0.946236559139785
0.6176470588235294,0.9413092550790068,0.7851239669421488,0.9719222462203023
0.7380352644836272,0.9217540842648323,0.8598382749326146,0.9451476793248945
0.699074074074074,0.8654750705550329,0.8125,0.8921658986175115
0.8092909535452323,0.925215723873442,0.9331619537275064,0.9510818438381938
0.6060606060606061,0.8804597701149426,0.7333333333333334,0.9286274509803921
0.7547169811320754,0.8998459167950693,0.8186046511627907,0.9381933438985737
0.5900900900900901,0.8325281803542673,0.7662921348314606,0.9229466553767993
0.6548672566371682,0.9319371727748691,0.7052154195011338,0.944110060189166
0.606060606060606,0.8566581849024597,0.6659528907922911,0.8978165938864628
0.6717171717171717,0.9148936170212766,0.7880434782608696,0.9375
0.5697399527186761,0.8121047877145438,0.7425742574257426,0.8783910196445276
0.8177570093457944,0.9386792452830188,0.9389671361502347,0.9896579156722355
0.6454545454545454,0.8766798418972332,0.70917225950783,0.9157894736842105
0.8497109826589595,0.9812680115273775,0.9212121212121213,0.9907473309608541
0.7305699481865284,0.9581993569131833,0.8539325842696629,0.9795918367346939
0.8111380145278451,0.9707426856714179,0.9341772151898734,0.9906407487401008
0.8059701492537313,0.9379968203497615,0.8725490196078431,0.9785831960461285
0.49677419354838703,0.7855178735105408,0.7216274089935759,0.9036144578313253
0.7625570776255708,0.9277204130262113,0.8818181818181818,0.9793977812995246
0.7614678899082569,0.9272581934452439,0.880184331797235,0.9789644012944984
0.6438356164383562,0.8767772511848342,0.7535545023696683,0.900611620795107
0.8169014084507042,0.9093725793958172,1.0,1.0
0.7425742574257426,0.9326424870466321,0.9329896907216495,0.9903632320237212
0.6758104738154613,0.9090113735783028,0.6758104738154613,0.9090113735783028
0.7386934673366834,0.9032738095238095,0.7386934673366834,0.9032738095238095
0.8652849740932642,0.9815994338287332,0.8652849740932642,0.9815994338287332
0.8035264483627205,0.9372485921158488,0.9333333333333333,0.9892294946147473
0.625,0.9357495881383855,0.7305699481865284,0.9581993569131833
0.5472636815920398,0.8407350689127105,0.6649484536082475,0.8665689149560117
0.8211009174311926,0.9357495881383855,0.8787878787878788,0.9472830494728305
0.6770186335403726,0.8360655737704918,0.9147540983606557,0.9795918367346939
0.49879518072289153,0.8785046728971962,0.9121621621621622,0.9580645161290322
0.6836982968369829,0.8274881516587678,0.87,0.9307774227902024
0.7529691211401426,0.9297297297297298,0.8755980861244019,0.9796397807361003
0.5550122249388754,0.8688906128782001,0.7333333333333334,0.9286274509803921
0.7386934673366834,0.8720666161998486,0.9365853658536585,0.9889549702633815
0.6700507614213198,0.8961510530137982,0.7277486910994765,0.9068767908309455
0.7438423645320197,0.9330389992641648,0.7438423645320197,0.9330389992641648
0.5767441860465117,0.8065779169929522,0.7630979498861048,0.9201053555750658
0.8211009174311926,0.9357495881383855,0.8818181818181818,0.9778534923339012
0.8177570093457944,0.9386792452830188,0.8177570093457944,0.9386792452830188
0.6388888888888888,0.8257372654155496,0.9362745098039216,0.95
0.8102189781021898,0.9406844106463879,0.8102189781021898,0.9406844106463879
0.8815489749430524,0.9391955098222637,0.9400921658986175,0.9520295202952029
0.8755980861244019,0.9505703422053232,0.8755980861244019,0.9505703422053232
0.6454545454545455,0.8302872062663186,0.7603686635944701,0.8831985624438454
0.8631578947368421,0.9811866859623734,0.8631578947368421,0.9811866859623734
0.6990740740740742,0.8103004291845494,0.9392523364485981,0.9863013698630136
0.9393939393939394,0.9898516783762685,0.9393939393939394,0.9898516783762685
0.5666666666666667,0.792,0.5666666666666667,0.792
0.4879649890590808,0.7692307692307692,0.6034858387799564,0.8241758241758241
0.6231884057971014,0.8125,0.7511961722488039,0.8863636363636364
0.6454545454545455,0.8161822466614297,0.8849557522123894,0.9768064228367529
0.7450980392156863,0.896,0.8785046728971962,0.9787928221859706
0.5635491606714629,0.846039970392302,0.6859903381642511,0.8927231807951989
0.7529691211401426,0.9306930693069306,0.9371980676328502,0.9902912621359223
0.7603686635944701,0.8666140489344909,0.7603686635944701,0.8666140489344909
0.7248677248677249,0.9424778761061947,0.7851239669421488,0.9570957095709571
0.5517241379310345,0.8497777777777777,0.796875,0.9616519174041298
0.8755980861244019,0.9195046439628483,1.0,1.0
0.6997690531177829,0.9191919191919192,0.8202764976958525,0.9696969696969697
0.6805896805896805,0.8282828282828283,0.87409200968523,0.9425287356321839
0.755868544600939,0.900990099009901,0.8198614318706697,0.9392049883086516
0.49862258953168037,0.9119070667957405,0.6,0.9380362249761678
0.7630979498861048,0.9201053555750658,0.8770685579196218,0.9444918872758327
0.7625570776255708,0.8369905956112853,0.9414414414414415,0.9554794520547946
0.6948356807511737,0.8319623971797885,0.8737864077669903,0.9643835616438357
0.7603686635944701,0.8951612903225806,0.9402298850574713,0.9889737065309584
0.5854214123006833,0.7939949958298582,0.8807339449541285,0.9743336623889437
0.6204379562043796,0.9141599413059428,0.7463414634146341,0.9616801768607222
0.5816091954022988,0.8080808080808081,0.5816091954022988,0.8080808080808081
0.7025171624713958,0.9490196078431372,0.7025171624713958,0.9490196078431372
0.5727699530516431,0.8341307814992025,0.7547169811320754,0.9224211423699915
0.6198830409356725,0.8936605316973415,0.6198830409356725,0.8936605316973415
0.6320754716981132,0.9089494163424124,0.7523809523809524,0.9588607594936709
0.712707182320442,0.9015897047691143,0.712707182320442,0.9015897047691143
0.6176470588235294,0.8870383779869659,0.7438423645320197,0.9335281227173119
0.6388888888888888,0.8729641693811075,0.755868544600939,0.9238493723849373
0.672544080604534,0.8220918866080157,0.9380952380952381,0.9875120076849183
0.75,0.8395061728395061,0.8779342723004695,0.9370764762826719
0.6,0.7549271636675235,0.8274336283185841,0.8909599254426841
0.6933962264150944,0.9150326797385621,0.6933962264150944,0.9150326797385621
0.7028571428571428,0.9574468085106383,0.7650602409638554,0.9683698296836983
0.5767441860465117,0.8818181818181818,0.6405529953917051,0.9252873563218391
0.74,0.9047619047619048,1.0,1.0
0.6859903381642511,0.921092564491654,0.8693467336683417,0.9802431610942249
0.7155361050328228,0.873114463176575,0.8304347826086956,0.9309734513274336
0.5229357798165137,0.7761377613776137,0.6329411764705882,0.8446215139442231
0.9338422391857506,0.9626168224299065,1.0,1.0
0.6231884057971014,0.8125,0.6790123456790124,0.8247422680412371
0.7025171624713958,0.9191919191919192,0.821917808219178,0.9696969696969697
0.750599520383693,0.8718726307808946,0.9386792452830188,0.9596273291925466
0.755868544600939,0.8430188679245283,0.8796296296296297,0.9167333867093674
0.8092909535452323,0.9099307159353349,0.8092909535452323,0.9099307159353349
0.625,0.9068100358422939,0.7333333333333334,0.9387514723203769
0.6941176470588235,0.8563535911602209,0.8190255220417634,0.9336170212765957
0.806930693069307,0.9388714733542319,0.8676844783715012,0.9497293116782676
0.6505376344086022,0.8531073446327684,0.7815126050420168,0.9383886255924171
0.7570093457943925,0.8899237933954276,0.880184331797235,0.9761248852157943
0.48,0.7321711568938194,0.8115942028985508,0.8761904761904762
0.7603686635944701,0.8856640281442392,0.8206896551724139,0.9282428702851886
0.7181571815718157,0.9315274642588413,0.7796610169491525,0.9419642857142857
0.5550122249388754,0.9260763606823721,0.7094972067039107,0.9591516103692066
0.7386934673366834,0.9326424870466321,0.8631578947368421,0.9538024164889837
0.7031963470319635,0.8515497553017944,0.8785046728971962,0.9144736842105263
0.8102189781021898,0.9412207987942728,0.9362745098039216,0.9900687547746371
0.6502242152466368,0.9370967741935484,0.7535545023696683,0.9593114241001565
0.6675191815856778,0.8691588785046729,0.8645833333333334,0.926605504587156
0.6733668341708543,0.8973438621679828,0.7450980392156863,0.9333333333333333
0.5676959619952494,0.8310316815597075,0.7412935323383085,0.8917568692756037
0.821917808219178,0.9349999999999999,0.8793503480278422,0.9466776045939295
0.4776785714285714,0.812199036918138,0.7475728155339806,0.8966613672496025
0.7771428571428571,0.9608826479438315,0.844311377245509,0.9741035856573705
0.6955503512880562,0.8867775138558986,0.8743961352657005,0.9482895783611774
0.7475728155339806,0.9177958446251129,0.8712871287128713,0.9755868544600939
0.7018348623853211,0.8813278008298755,0.8190255220417634,0.9336170212765957
0.8716049382716049,0.9523809523809523,0.8716049382716049,0.9523809523809523
0.7386934673366834,0.8891730605285593,0.8666666666666667,0.9425287356321839
0.9329896907216495,0.9903632320237212,0.9329896907216495,0.9903632320237212
0.5388026607538803,0.8192968111201963,0.7603686635944701,0.8951612903225806
0.6997690531177829,0.8466722830665543,0.7603686635944701,0.8856640281442392
0.8696741854636592,0.9382716049382716,0.8696741854636592,0.9382716049382716
0.6,0.8629359286293593,0.7142857142857143,0.9152404237978811
0.5873015873015872,0.8493626882966396,0.8111380145278451,0.9527272727272728
0.503579952267303,0.826938136256852,0.8015267175572519,0.9360131255127153
0.4408602150537634,0.6672171758876961,0.606060606060606,0.7748404740200546
0.7463414634146341,0.8483965014577259,0.9383886255924171,0.9584664536741214
0.7636363636363636,0.9076558800315706,0.8488372093023255,0.948535233570863
0.7570093457943925,0.8973143759873617,0.8156028368794326,0.9093725793958172
0.8111380145278451,0.941747572815534,0.9371980676328502,0.9902912621359223
0.7914438502673797,0.9457579972183588,0.9252873563218391,0.9648648648648649
0.755868544600939,0.9238493723849373,0.9343434343434344,0.9580645161290322
0.6502242152466368,0.836272040302267,0.7647058823529411,0.8883161512027491
0.6587926509186351,0.909328683522232,0.8539325842696629,0.9765554553651938
0.5697399527186762,0.9029126213592233,0.7312661498708011,0.9355067328136074
0.6708860759493671,0.8516707416462918,0.7386934673366834,0.8891730605285593
0.6355140186915887,0.9100691775557264,0.7025171624713958,0.9486977111286503
0.6157635467980296,0.8077239112571898,0.6805896805896805,0.8429680759275238
0.8054862842892768,0.964769647696477,1.0,1.0
0.6875,0.9219219219219219,0.7425742574257426,0.9326424870466321
0.6859903381642511,0.8927231807951989,0.7529691211401426,0.9297297297297298
0.7346938775510203,0.8994586233565351,0.9302949061662198,0.959087332808812
0.8078817733990148,0.9122280570142536,0.9362745098039216,0.9610778443113772
0.703872437357631,0.8842105263157894,0.7652370203160271,0.9238493723849373
0.70917225950783,0.8511856091578087,0.7688888888888888,0.890295358649789
0.5825688073394495,0.8526591107236269,0.6976744186046512,0.9066427289048474
0.8054862842892768,0.9302949061662198,0.8666666666666667,0.9425287356321839
0.6571428571428571,0.8903467666354264,0.8235294117647058,0.962962962962963
0.5398230088495576,0.8292682926829268,0.75,0.8837209302325582
0.7173913043478262,0.900952380952381,0.7709251101321586,0.9147141518275539
0.6587926509186351,0.8766177739430544,0.7903225806451613,0.9299820466786355
0.745721271393643,0.9259560618388935,0.9333333333333333,0.9892294946147473
0.5991189427312775,0.7926112510495382,0.7117516629711752,0.8440445586975149
0.7432098765432098,0.9277204130262113,0.8731707317073171,0.9796397807361003
0.6533333333333333,0.9029045643153527,0.7625570776255708,0.9277204130262113
0.7688888888888888,0.8539325842696629,0.8266666666666667,0.8952551477170994
0.8177570093457944,0.9386792452830188,0.8761904761904762,0.9497293116782676
0.8235294117647058,0.9052631578947369,0.8834080717488789,0.9459684123025769
0.6733668341708543,0.924963924963925,0.8025316455696203,0.9715536105032823
0.4989293361884368,0.751592356687898,0.7216274089935759,0.8669767441860465
0.6623376623376623,0.9027431421446384,0.7228144989339019,0.9445865302642796
0.7117516629711752,0.8440445586975149,0.8278145695364238,0.9279778393351801
0.6897374701670644,0.9220973782771535,0.758139534883721,0.9603960396039604
0.6717171717171717,0.8974910394265233,0.8719211822660098,0.9809384164222874
0.6859903381642511,0.8655834564254062,0.8106796116504854,0.912621359223301
0.5955555555555555,0.8263772954924875,0.7709251101321586,0.9213483146067416
0.5863636363636364,0.8581024349286314,0.8115942028985508,0.9343434343434344
0.6388888888888888,0.8070898598516076,0.8173302107728337,0.8961845607808341
0.8005115089514067,0.9147851420247632,0.9367396593673966,0.9902475618904726
0.6578947368421053,0.8710743801652893,0.8315334773218143,0.9669211195928753
0.5757575757575757,0.8940505297473512,0.7463414634146341,0.957131079967024
0.8198614318706697,0.9392049883086516,0.8818181818181818,0.9792498004788508
0.6111111111111112,0.8398104265402844,0.8311688311688312,0.9612711022840119
0.8186046511627907,0.9381933438985737,0.8186046511627907,0.9381933438985737
0.6312056737588653,0.8314606741573034,0.8181818181818181,0.961038961038961
0.6430205949656751,0.9072164948453608,0.8716049382716049,0.9523809523809523
0.6303317535545024,0.8227272727272728,0.8804597701149425,0.9484536082474226
0.7845303867403315,0.9361702127659575,0.8586956521739131,0.9777777777777777
0.8828828828828829,0.946236559139785,0.8828828828828829,0.946236559139785
0.6593886462882097,0.8482490272373541,0.8258928571428571,0.9227722772277228
0.7065462753950339,0.9449618966977138,0.8147268408551069,0.9679012345679012
0.7018348623853211,0.8813278008298755,0.8190255220417634,0.9336170212765957
0.6422018348623852,0.815748031496063,0.8169014084507042,0.8761904761904762
0.6303317535545024,0.8537134283570893,0.7603686635944701,0.9278350515463918
0.6195121951219512,0.8857979502196194,0.7463414634146341,0.9332355099046221
0.672544080604534,0.8980755523877406,0.8025316455696203,0.9439252336448598
0.5900900900900902,0.8272425249169435,0.8839285714285714,0.9774696707105719
0.755868544600939,0.9599074787972244,0.8120481927710843,0.9704321455648218
0.7874659400544959,0.9057211925866238,0.7874659400544959,0.9057211925866238
0.6303317535545024,0.8523845571536715,1.0,1.0
0.7603686635944701,0.8856640281442392,0.8173302107728337,0.898349261511729
0.7614678899082569,0.8755980861244019,0.8186046511627907,0.8893093661305582
0.8190255220417634,0.9324675324675324,0.9389671361502347,0.9884444444444445
0.6355140186915887,0.8809160305343511,0.6355140186915887,0.8809160305343511
0.4117647058823529,0.7502183406113536,0.6222760290556901,0.8254252461951656
0.7625570776255708,0.9531531531531532,0.8755980861244019,0.9771929824561404
0.6844660194174758,0.9202453987730062,0.74,0.9312169312169312
0.8177570093457944,0.9386792452830188,0.8177570093457944,0.9386792452830188
0.8673469387755102,0.9797665369649805,0.9313984168865436,0.9900076863950807
0.7694013303769401,0.9247311827956989,0.7694013303769401,0.9247311827956989
0.6919431279620853,0.7774420946626385,0.8115942028985508,0.8647398843930636
0.7652370203160271,0.9249793899422919,0.8215102974828375,0.9368421052631579
0.7897574123989218,0.9193381592554292,0.9275766016713092,0.9856670341786108
0.7072072072072072,0.8417391304347825,0.880184331797235,0.9081272084805654
0.6717171717171717,0.8838342810722989,0.7994858611825193,0.9347280334728033
0.5910112359550562,0.8604459124690339,0.6422018348623854,0.8730675345809602
0.7189189189189189,0.9545454545454546,0.8452380952380952,0.9776247848537005
0.6470588235294117,0.8747993579454254,0.7709251101321586,0.9557069846678024
0.5702479338842976,0.8246628131021194,0.731958762886598,0.9341438703140831
0.5777262180974476,0.8668242710795903,0.7493975903614458,0.9277204130262113
0.6805896805896806,0.8213935230618253,0.8074074074074074,0.9128491620111732
0.8555555555555555,0.9494949494949495,0.9248554913294798,0.96
0.6329411764705882,0.8431214802896219,0.7570093457943925,0.8959167333867094
0.7450980392156863,0.9614814814814815,0.8638743455497382,0.9813218390804598
0.5478260869565217,0.7661870503597122,0.7198275862068966,0.8677150786308974
0.7305699481865284,0.907735982966643,0.8035264483627205,0.9437635183850036
0.7412935323383085,0.9319371727748691,0.7412935323383085,0.9319371727748691
0.8755980861244019,0.9801980198019802,0.8755980861244019,0.9801980198019802
0.9383886255924171,0.9898832684824903,0.9383886255924171,0.9898832684824903
0.7974025974025974,0.941397445529677,0.8673469387755102,0.9797665369649805
0.6640826873385013,0.87973086627418,0.7936507936507936,0.9318181818181819
0.5625,0.7708333333333334,0.6904761904761905,0.8241845664280032
0.5964523281596452,0.8241758241758241,0.7729257641921397,0.9213483146067416
1.0,1.0,1.0,1.0
0.6285714285714286,0.8786936236391913,0.8731707317073171,0.9788961038961039
0.543859649122807,0.8627243928194298,0.5948051948051949,0.8774869109947644
0.7142857142857143,0.886858137510879,0.7142857142857143,0.886858137510879
0.4788418708240535,0.8080393765381461,0.6533333333333333,0.8985255854293148
0.6462585034013605,0.8621908127208481,0.87409200968523,0.9265536723163842
0.4334140435835351,0.738755980861244,0.7263157894736842,0.8614072494669509
0.654867256637168,0.8701082431307244,0.654867256637168,0.8701082431307244
0.8617021276595744,0.9754253308128544,0.8617021276595744,0.9754253308128544
0.6010230179028133,0.8790072388831438,0.9219219219219219,0.985854189336235
0.8755980861244019,0.9796397807361003,0.8755980861244019,0.9796397807361003
0.703872437357631,0.8178070898598516,0.9407744874715263,0.9872673849167483
0.8796296296296297,0.9177215189873418,0.8796296296296297,0.9177215189873418
0.7425742574257426,0.9053857350800583,0.9367396593673966,0.9902475618904726
0.7142857142857143,0.886858137510879,0.9269662921348315,0.9874152952565344
0.712707182320442,0.9,0.7758620689655172,0.9108910891089109
0.5251141552511416,0.7938144329896908,0.7630979498861048,0.9201053555750658
0.363265306122449,0.7897574123989218,0.6231884057971014,0.9191111111111111
0.5854214123006835,0.7515204170286708,0.7614678899082569,0.8685540950455005
0.5593220338983051,0.8229787234042554,0.6790123456790124,0.8737864077669903
0.6069114470842332,0.7710843373493976,0.7729257641921397,0.871031746031746
0.4514767932489452,0.7446428571428572,0.7286012526096033,0.9348044132397192
0.8531073446327684,0.9169329073482428,0.9273743016759777,0.9565217391304348
0.6962616822429906,0.889745566692367,0.9365853658536585,0.9607250755287009
0.5900900900900902,0.8653386454183267,0.8169014084507042,0.9391575663026521
0.5924764890282133,0.8593903638151426,0.6770186335403727,0.9039070749736009
0.5844748858447488,0.8325281803542673,0.7662921348314606,0.9248554913294798
0.7636363636363637,0.8900169204737732,0.8807339449541285,0.9437229437229437
0.6142433234421365,0.819672131147541,0.8300653594771242,0.9090909090909091
0.5767441860465116,0.8095605242868157,0.8092909535452323,0.8799076212471132
0.6454545454545454,0.8337595907928389,0.8206896551724139,0.9282428702851886
0.7052154195011338,0.9123841617523167,0.8785046728971962,0.9779847586790855
0.8020304568527918,0.9440459110473458,0.8645833333333334,0.9541930937279774
0.7450980392156863,0.8761904761904762,0.8115942028985508,0.9119638826185101
0.5488069414316703,0.8823045267489712,0.8177570093457944,0.9689737470167065
0.8796296296296297,0.9791332263242376,0.9386792452830188,0.98973954222573
0.6912114014251782,0.9510910458991724,0.8025316455696203,0.9715536105032823
0.6640826873385013,0.8644825018615041,0.7346938775510203,0.8994586233565351
0.6913946587537092,0.9228159457167091,0.9158576051779935,0.9885664028144239
0.5128805620608899,0.8339594290007513,0.6983758700696056,0.9184313725490196
0.6640826873385013,0.87973086627418,0.7340153452685422,0.9196822594880847
0.6320754716981132,0.8245877061469266,0.6962616822429907,0.8593508500772797
0.6422018348623852,0.877742946708464,0.7058823529411764,0.9161290322580645
0.5367483296213807,0.8125530110262935,0.7018348623853211,0.8772532188841202
0.6658097686375322,0.9117896522476675,0.8571428571428571,0.9772129710780018
0.6109725685785536,0.8860759493670887,0.6640826873385013,0.8995169082125604
0.6904761904761905,0.8828828828828829,0.8755980861244019,0.9771929824561404
0.5806451612903226,0.8692962103634958,0.6859903381642511,0.8927231807951989
0.5991189427312775,0.7926112510495382,0.7699115044247788,0.8844444444444445
0.5777262180974478,0.8342629482071713,0.6422018348623854,0.8713932399010718
0.6904761904761905,0.8364174685418209,0.8186046511627907,0.9088074824629774
0.6640826873385013,0.8933631618195377,0.7839335180055401,0.9147851420247632
0.6976744186046512,0.861568247821878,0.8151658767772512,0.9210526315789473
0.5593220338983051,0.9005355776587605,0.6129032258064516,0.912490650710546
0.6593886462882096,0.8574040219378428,0.7123893805309736,0.8712871287128713
0.6043478260869566,0.8026565464895635,0.7142857142857143,0.8599412340842312
0.6388888888888888,0.8536585365853658,0.6388888888888888,0.8536585365853658
0.5398230088495576,0.8292682926829268,0.5891647855530475,0.8433734939759037
0.4823008849557523,0.8421052631578947,0.7668161434977578,0.9587628865979382
0.8683544303797468,0.9517446176688938,0.8683544303797468,0.9517446176688938
0.7625570776255708,0.9531531531531532,0.8755980861244019,0.9771929824561404
0.7463414634146341,0.8948220064724919,0.8755980861244019,0.9771929824561404
0.5882352941176471,0.8624898291293734,0.7625570776255708,0.9277204130262113
0.688622754491018,0.871031746031746,0.838006230529595,0.9312169312169312
0.8125,0.9355371900826446,0.8719211822660099,0.9469387755102041
0.36865342163355397,0.6813186813186813,0.6397228637413395,0.8090107737512242
0.6983758700696056,0.9184313725490196,0.7529691211401426,0.9297297297297298
0.592841163310962,0.8167400881057268,0.7647058823529411,0.9132507149666349
0.5625,0.7953603976801988,0.7380352644836272,0.8554319931565441
0.9389671361502347,0.988646288209607,0.9389671361502347,0.988646288209607
0.7683741648106904,0.8602150537634409,0.9428571428571428,0.9881925522252498
0.745721271393643,0.9259560618388935,0.8706467661691543,0.9782062028499581
0.7603686635944701,0.8924731182795699,0.8807339449541285,0.946236559139785
0.8703241895261845,0.9519586104951958,0.9367396593673966,0.9902475618904726
0.7941952506596306,0.9655172413793104,0.7941952506596306,0.9655172413793104
0.6129032258064517,0.8571428571428572,0.8716049382716049,0.9523809523809523
0.5882352941176471,0.8624898291293734,0.7072072072072072,0.9155844155844156
0.9329896907216495,0.9903632320237212,1.0,1.0
0.7952755905511811,0.9405034324942791,0.7952755905511811,0.9405034324942791
0.6422018348623854,0.7393483709273183,0.758139534883721,0.8075855689176689
0.711111111111111,0.8533333333333333,0.7678571428571429,0.9014084507042254
0.7123893805309736,0.8468013468013468,0.7123893805309736,0.8468013468013468
0.6517857142857144,0.7972270363951474,0.7098214285714286,0.8354430379746836
0.5603864734299517,0.8470588235294118,0.8025316455696203,0.9162491052254832
0.6976744186046511,0.9471974004874086,0.8078817733990148,0.9692671394799054
0.5928411633109619,0.7963726298433635,0.8247191011235955,0.9010989010989011
0.8156028368794326,0.9683698296836983,0.9351620947630923,0.98973954222573
0.8755980861244019,0.9501151189562548,1.0,1.0
0.543859649122807,0.7106676899462778,0.6578947368421053,0.776778413736713
0.8649350649350649,0.950419527078566,1.0,1.0
0.7529691211401426,0.9290724863600935,0.8755980861244019,0.9794466403162055
0.6008771929824561,0.7898989898989899,0.7123893805309736,0.8867102396514162
0.7925531914893617,0.8969162995594714,0.9289617486338798,0.9520295202952029
0.8706467661691543,0.9130434782608696,0.8706467661691543,0.9130434782608696
0.5777262180974478,0.8121673003802281,0.7592592592592592,0.8963317384370015
0.6486486486486487,0.8387096774193549,0.8202764976958525,0.902418682235196
0.8092909535452323,0.916219119226638,0.87,0.9307774227902024
0.8206896551724139,0.9212916246215943,0.9392523364485981,0.9863013698630136
0.5854214123006835,0.8680718188914911,0.7031963470319635,0.9182389937106918
0.70917225950783,0.8924508790072389,0.8206896551724139,0.9212916246215943
0.6329411764705882,0.8351648351648352,0.7575757575757576,0.9156626506024097
0.8125,0.8921658986175115,0.9362745098039216,0.95
0.6955503512880562,0.8603223330775134,0.8793503480278422,0.9482895783611774
0.7475728155339806,0.8966613672496025,0.9365853658536585,0.9889549702633815
0.3434343434343434,0.6376811594202898,0.45549738219895297,0.6848484848484848
0.6623376623376623,0.8327024981074943,0.7219251336898396,0.8439609902475619
0.8645833333333334,0.953998584571833,0.9338422391857506,0.990572878897752
0.8169014084507042,0.9093725793958172,1.0,1.0
0.5367483296213809,0.8728888888888889,0.5835240274599542,0.8858647936786654
0.8190255220417634,0.9695550351288056,0.937046004842615,0.9902034664657121
0.9351620947630923,0.98973954222573,0.9351620947630923,0.98973954222573
0.4788418708240534,0.7692307692307692,0.7078651685393258,0.8526315789473684
0.5816091954022988,0.8692962103634958,0.7004608294930875,0.9190031152647975
0.7181571815718157,0.9315274642588413,0.7181571815718157,0.9315274642588413
0.8693467336683417,0.9802431610942249,0.9326424870466321,0.9902621722846442
0.6819571865443426,0.918531781557744,0.9121621621621622,0.9877704609595485
0.5910112359550562,0.8028731045490822,0.7668161434977578,0.8913951545530493
0.7360406091370559,0.9297297297297298,0.865979381443299,0.9794466403162055
0.8115942028985508,0.9416167664670658,0.8716049382716049,0.9521707137601177
0.8054862842892768,0.9687750200160128,0.865979381443299,0.9794466403162055
0.8115942028985508,0.9416167664670658,0.8115942028985508,0.9416167664670658
0.5478260869565217,0.8109495295124038,0.6608695652173913,0.8655172413793103
0.7219251336898396,0.9042004421518055,0.8586956521739131,0.9510173323285607
0.868020304568528,0.9439171699741156,0.9321148825065274,0.955593509820666
0.8111380145278451,0.9527272727272728,0.8111380145278451,0.9527272727272728
0.7603686635944701,0.8831985624438454,0.9393939393939394,0.9873417721518988
0.7699115044247787,0.9388235294117647,0.7699115044247787,0.9388235294117647
0.7539432176656151,0.9216080402010051,0.9141914191419142,0.9860064585575888
0.7031963470319635,0.9154471544715447,0.8169014084507042,0.9392523364485982
0.5676959619952494,0.8095605242868158,0.6997690531177829,0.8847703464947623
0.6569920844327177,0.9186864738076622,0.7134986225895317,0.9295120061967467
0.796875,0.8645833333333334,0.935,0.954225352112676
0.5676959619952494,0.7865168539325843,0.7011494252873564,0.8733392382639504
0.7592592592592593,0.8975571315996848,0.8169014084507042,0.9093725793958172
0.934010152284264,0.962536023054755,1.0,1.0
0.5284974093264249,0.8519362186788155,0.6514745308310992,0.9202453987730062
0.863517060367454,0.9320794148380356,0.931758530183727,0.9854423292273237
0.8706467661691543,0.9130434782608696,1.0,1.0
0.6700507614213198,0.8961510530137982,0.7412935323383085,0.9319371727748691
0.750599520383693,0.9287392325763508,0.8737864077669903,0.9792
0.7045454545454546,0.9047619047619048,0.9373493975903614,0.9879518072289156
0.5747663551401869,0.8369905956112853,0.6919431279620853,0.8849557522123894
0.8164705882352941,0.9395817195972115,0.8755980861244019,0.9505703422053232
0.7117516629711752,0.944110060189166,0.8231292517006803,0.9681112019623875
0.43965517241379315,0.6938603868797308,0.6102783725910064,0.8086476540938362
0.5900900900900901,0.832258064516129,0.8251121076233183,0.9367909238249594
0.5333333333333333,0.8395061728395061,0.6030534351145038,0.8819374369323916
0.6889952153110048,0.851063829787234,0.8049999999999999,0.875
0.7432098765432098,0.9244813278008299,0.8693467336683417,0.9777587681779298
0.768888888888889,0.9564489112227805,0.8235294117647058,0.9679012345679012
0.8488372093023255,0.9750479846449136,1.0,1.0
0.74,0.9318352059925094,0.74,0.9318352059925094
0.5973451327433629,0.8949919224555735,0.7004608294930875,0.9190031152647975
0.8787878787878788,0.9472830494728305,1.0,1.0
0.5260416666666666,0.8529155787641427,0.8488372093023255,0.9750479846449136
0.6486486486486487,0.8696741854636592,0.767337807606264,0.9243557772236076
0.3686534216335541,0.756316218418908,0.4788418708240535,0.8054862842892768
0.7994858611825193,0.9136531365313653,0.8624338624338624,0.924198250728863
0.6556291390728477,0.8179271708683473,0.8847006651884701,0.9371980676328502
0.8025316455696203,0.8865454545454545,0.9358024691358025,0.959721146398141
0.7284595300261096,0.9346733668341709,1.0,1.0
0.7603686635944701,0.8924731182795699,0.9399538106235565,0.9578947368421052
0.6303317535545024,0.8526077097505669,0.8181818181818181,0.9393939393939394
0.8102189781021898,0.9010989010989011,1.0,1.0
0.5377777777777777,0.7891321978913219,0.7668161434977578,0.8913951545530493
0.8719211822660099,0.9469387755102041,0.9365853658536585,0.9889549702633815
0.6517857142857144,0.9381933438985737,0.7031963470319635,0.9494949494949495
0.7958115183246073,0.8698553948832035,0.9297297297297298,0.937799043062201
0.8078817733990148,0.9655172413793104,0.8078817733990148,0.9655172413793104
0.7547169811320754,0.9224211423699915,0.9362745098039216,0.9887445887445887
0.6462585034013605,0.9058728881737731,0.7529691211401426,0.9290724863600935
0.6859903381642511,0.8917486752460257,0.8755980861244019,0.9794466403162055
0.7386934673366834,0.9600307455803229,0.796875,0.9704321455648218
0.703872437357631,0.9432314410480349,0.7570093457943925,0.955249569707401
0.7989690721649485,0.8832335329341318,1.0,1.0
0.6397228637413395,0.8389760528488852,0.7570093457943925,0.8899237933954276
0.6805896805896805,0.8429680759275238,0.7380352644836272,0.8554319931565441
0.6813725490196079,0.8606431852986217,0.9343434343434344,0.9580645161290322
0.8787878787878788,0.948535233570863,0.8787878787878788,0.948535233570863
0.5468409586056644,0.8493150684931507,0.699074074074074,0.8947368421052632
0.5415617128463477,0.7748404740200547,0.7305699481865285,0.8668032786885246
0.5315315315315315,0.7628865979381443,0.7699115044247788,0.9161290322580645
0.9383886255924171,0.9898832684824903,0.9383886255924171,0.9898832684824903
0.6372093023255814,0.7920792079207921,0.8211009174311926,0.9009314140558848
0.8,0.926829268292683,0.9289617486338798,0.9520295202952029
0.8115942028985508,0.9343434343434344,0.8712871287128713,0.9459684123025769
0.7463414634146341,0.8948220064724919,0.9362745098039216,0.9887445887445887
0.6962616822429907,0.8493377483443709,0.8194444444444444,0.903861955628595
0.7585139318885449,0.9667519181585678,0.9087719298245613,0.9890664423885618
0.7705882352941176,0.9294755877034357,0.8488372093023255,0.9750479846449136
0.7547169811320754,0.8998459167950693,0.7547169811320754,0.8998459167950693
0.6167076167076168,0.8583877995642701,0.7326478149100257,0.8812368236120871
0.6303317535545024,0.8523845571536715,0.8156028368794326,0.9378486055776892
0.6867469879518072,0.8493150684931507,0.748792270531401,0.8974069898534386
0.7523809523809524,0.8888888888888888,0.7523809523809524,0.8888888888888888
0.696969696969697,0.8764044943820225,0.696969696969697,0.8764044943820225
0.6578947368421053,0.7941952506596306,0.8844444444444445,0.9359605911330049
0.5125,0.7224199288256228,0.675,0.8446215139442231
0.7914438502673796,0.9191430545957152,0.9304812834224598,0.96398891966759
0.7373737373737375,0.9110459433040078,0.8040201005025126,0.9595015576323987
0.5377777777777777,0.7865353037766831,0.8243243243243243,0.9303571428571429
0.7863013698630137,0.9440860215053763,0.9277777777777778,0.9905178701677607
0.5891647855530475,0.7102330293819656,0.7575757575757576,0.8059701492537313
0.40092165898617516,0.7865168539325843,0.7668161434977578,0.9564124056999161
0.7662921348314606,0.9229466553767993,0.8793503480278422,0.9466776045939295
0.5054347826086956,0.8176914778856527,0.7570093457943925,0.9091967403958091
0.731958762886598,0.8666140489344909,0.8631578947368421,0.9151020408163265
0.5458515283842795,0.7775876817792986,0.6601307189542484,0.8323301805674979
1.0,1.0,1.0,1.0
0.6997690531177829,0.9191919191919192,0.8202764976958525,0.9696969696969697
0.7886178861788617,0.9447200566973778,0.8535211267605634,0.9545136459062281
0.5478260869565217,0.847571189279732,0.7198275862068966,0.9431321084864392
